  -2.000000000000e-01   1.076333705024e-08
  -1.973244147157e-01   1.024937621957e-08
  -1.946488294314e-01   9.840834095730e-09
  -1.919732441472e-01   9.412461968587e-09
  -1.892976588629e-01   9.001525274774e-09
  -1.866220735786e-01   8.615731873994e-09
  -1.839464882943e-01   8.033961345084e-09
  -1.812709030100e-01   7.927788581817e-09
  -1.785953177258e-01   7.643259596957e-09
  -1.759197324415e-01   7.466605993055e-09
  -1.732441471572e-01   7.838355789854e-09
  -1.705685618729e-01   1.181792238990e-08
  -1.678929765886e-01   1.209864454566e-08
  -1.652173913043e-01   1.222708592206e-08
  -1.625418060201e-01   1.188742969946e-08
  -1.598662207358e-01   1.142627627404e-08
  -1.571906354515e-01   1.090535191636e-08
  -1.545150501672e-01   1.053308695185e-08
  -1.518394648829e-01   1.008835601990e-08
  -1.491638795987e-01   9.657255187870e-09
  -1.464882943144e-01   9.224224720045e-09
  -1.438127090301e-01   8.828909947934e-09
  -1.411371237458e-01   8.441401931094e-09
  -1.384615384615e-01   8.048573731683e-09
  -1.357859531773e-01   7.704223649673e-09
  -1.331103678930e-01   7.356971649499e-09
  -1.304347826087e-01   6.874734733355e-09
  -1.277591973244e-01   6.725119853097e-09
  -1.250836120401e-01   6.433834079870e-09
  -1.224080267559e-01   6.167562224210e-09
  -1.197324414716e-01   5.656989261740e-09
  -1.170568561873e-01   5.842926850255e-09
  -1.143812709030e-01   7.665540500428e-09
  -1.117056856187e-01   9.113464657512e-09
  -1.090301003344e-01   8.996209036947e-09
  -1.063545150502e-01   8.703296494120e-09
  -1.036789297659e-01   8.363470266137e-09
  -1.010033444816e-01   8.014200514618e-09
  -9.832775919732e-02   7.581458434919e-09
  -9.565217391304e-02   7.332569435379e-09
  -9.297658862876e-02   6.983683894906e-09
  -9.030100334448e-02   6.568288599239e-09
  -8.762541806020e-02   6.349049328948e-09
  -8.494983277592e-02   6.050090256651e-09
  -8.227424749164e-02   5.769750883695e-09
  -7.959866220736e-02   5.482961023969e-09
  -7.692307692308e-02   5.225950224330e-09
  -7.424749163880e-02   4.974205392200e-09
  -7.157190635452e-02   4.736061948673e-09
  -6.889632107023e-02  -2.352283491498e-07
  -6.622073578595e-02   4.289109905524e-09
  -6.354515050167e-02   4.140653517656e-09
  -6.086956521739e-02   4.437536149552e-09
  -5.819397993311e-02   5.947985526611e-09
  -5.551839464883e-02  -1.629392996563e-08
  -5.284280936455e-02   5.597931930625e-09
  -5.016722408027e-02   5.298703071703e-09
  -4.749163879599e-02   5.081631871026e-09
  -4.481605351171e-02   4.841061707936e-09
  -4.214046822742e-02   4.389836153052e-09
  -3.946488294314e-02   4.334138413071e-09
  -3.678929765886e-02   4.104535216264e-09
  -3.411371237458e-02   3.883242666200e-09
  -3.143812709030e-02   3.674658584742e-09
  -2.876254180602e-02   3.471534124671e-09
  -2.608695652174e-02   3.285583952194e-09
  -2.341137123746e-02   3.049331786443e-09
  -2.073578595318e-02   2.277109592569e-09
  -1.806020066890e-02   2.777015835411e-09
  -1.538461538462e-02   2.631872305654e-09
  -1.270903010033e-02   2.644267647114e-09
  -1.003344481605e-02   3.399130511255e-09
  -7.357859531773e-03   3.270500790188e-09
  -4.682274247492e-03   3.096358566330e-09
  -2.006688963211e-03   2.925277259631e-09
   6.688963210703e-04   2.753832562449e-09
   3.344481605351e-03   2.582985419652e-09
   6.020066889632e-03   2.431959486211e-09
   8.695652173913e-03   2.287077237370e-09
   1.137123745819e-02   1.880005982154e-09
   1.404682274247e-02   1.924953632031e-09
   1.672240802676e-02   1.892237533772e-09
   1.939799331104e-02   1.729244399071e-09
   2.207357859532e-02   1.597223931941e-09
   2.474916387960e-02   1.574403032605e-09
   2.742474916388e-02   1.562576577932e-09
   3.010033444816e-02   1.806829772479e-09
   3.277591973244e-02   1.714800999284e-09
   3.545150501672e-02   1.618618898592e-09
   3.812709030100e-02   1.522917387010e-09
   4.080267558528e-02   1.431258836408e-09
   4.347826086957e-02   1.358803142437e-09
   4.615384615385e-02   1.287566515110e-09
   4.882943143813e-02   1.221868777444e-09
   5.150501672241e-02   1.164463965023e-09
   5.418060200669e-02   1.114536607545e-09
   5.685618729097e-02   1.072814815282e-09
   5.953177257525e-02   1.099221162269e-09
   6.220735785953e-02   1.018327872936e-09
   6.488294314381e-02   1.095874189666e-09
   6.755852842809e-02   9.902707416187e-10
   7.023411371237e-02   1.055120238029e-09
   7.290969899666e-02   1.013003898862e-09
   7.558528428094e-02   1.029667404790e-09
   7.826086956522e-02   1.065538710706e-09
   8.093645484950e-02   1.070333716133e-09
   8.361204013378e-02   1.096485697652e-09
   8.628762541806e-02   1.132741073088e-09
   8.896321070234e-02   1.175059834112e-09
   9.163879598662e-02   1.223574871773e-09
   9.431438127090e-02   2.992384055167e-09
   9.698996655518e-02   1.357627711315e-09
   9.966555183946e-02   1.443937044649e-09
   1.023411371237e-01   1.491054860485e-09
   1.050167224080e-01   1.570423107169e-09
   1.076923076923e-01   1.686991009223e-09
   1.103678929766e-01   1.834288351219e-09
   1.130434782609e-01   2.003677429599e-09
   1.157190635452e-01   2.190896255240e-09
   1.183946488294e-01   2.402364343864e-09
   1.210702341137e-01   2.637063205850e-09
   1.237458193980e-01   2.898007133444e-09
   1.264214046823e-01   3.185185937488e-09
   1.290969899666e-01   3.509776691124e-09
   1.317725752508e-01   3.866862584829e-09
   1.344481605351e-01   4.260764292123e-09
   1.371237458194e-01   4.696611334957e-09
   1.397993311037e-01   5.179746174172e-09
   1.424749163880e-01   5.711663780940e-09
   1.451505016722e-01   6.493642064700e-09
   1.478260869565e-01   7.495489452858e-09
   1.505016722408e-01   7.658062474345e-09
   1.531772575251e-01   8.446604870176e-09
   1.558528428094e-01   9.308662594683e-09
   1.585284280936e-01   1.027281359889e-08
   1.612040133779e-01   1.072229278716e-08
   1.638795986622e-01   1.223497320201e-08
   1.665551839465e-01   1.406546400322e-08
   1.692307692308e-01   1.514265204066e-08
   1.719063545151e-01   1.669441350364e-08
   1.745819397993e-01   1.840976189286e-08
   1.772575250836e-01   2.027639119509e-08
   1.799331103679e-01   2.242171751023e-08
   1.826086956522e-01   2.463761029029e-08
   1.852842809365e-01   2.712957286683e-08
   1.879598662207e-01   2.983730010568e-08
   1.906354515050e-01   3.331035782495e-08
   1.933110367893e-01   3.627504986907e-08
   1.959866220736e-01   3.999809395396e-08
   1.986622073579e-01   4.406576685244e-08
   2.013377926421e-01   4.856740565761e-08
   2.040133779264e-01   5.355670783015e-08
   2.066889632107e-01   5.895657370511e-08
   2.093645484950e-01   6.500718032003e-08
   2.120401337793e-01   7.164911077012e-08
   2.147157190635e-01   7.898320821741e-08
   2.173913043478e-01   7.855439985691e-08
   2.200668896321e-01   9.596905226302e-08
   2.227424749164e-01   1.057156670292e-07
   2.254180602007e-01   1.166757670988e-07
   2.280936454849e-01   1.288035643665e-07
   2.307692307692e-01   1.407792469863e-07
   2.334448160535e-01   1.684309554530e-07
   2.361204013378e-01   1.710444854158e-07
   2.387959866221e-01   1.884171866951e-07
   2.414715719064e-01   2.060464432037e-07
   2.441471571906e-01   2.141828811922e-07
   2.468227424749e-01   2.351414951722e-07
   2.494983277592e-01   2.625424726792e-07
   2.521739130435e-01   2.961718958599e-07
   2.548494983278e-01   3.300110882690e-07
   2.575250836120e-01   3.455372315062e-07
   2.602006688963e-01   3.742603724165e-07
   2.628762541806e-01   4.034022620221e-07
   2.655518394649e-01   4.342443482690e-07
   2.682274247492e-01   4.665963151900e-07
   2.709030100334e-01   4.999476149944e-07
   2.735785953177e-01   5.350548962137e-07
   2.762541806020e-01   5.719074401920e-07
   2.789297658863e-01   6.076200474302e-07
   2.816053511706e-01   6.481028870733e-07
   2.842809364548e-01   6.850295498067e-07
   2.869565217391e-01   7.252124551533e-07
   2.896321070234e-01   7.667871286064e-07
   2.923076923077e-01   8.127771106275e-07
   2.949832775920e-01   8.135427177741e-07
   2.976588628763e-01   8.978836641241e-07
   3.003344481605e-01   9.435244638000e-07
   3.030100334448e-01   9.929464285406e-07
   3.056856187291e-01   1.041508165090e-06
   3.083612040134e-01   1.087626024837e-06
   3.110367892977e-01   1.137487227360e-06
   3.137123745819e-01   1.188793299399e-06
   3.163879598662e-01   1.240466902422e-06
   3.190635451505e-01   1.402574258889e-06
   3.217391304348e-01   1.348043586406e-06
   3.244147157191e-01   1.408115571666e-06
   3.270903010033e-01   1.461373147587e-06
   3.297658862876e-01   1.518598813027e-06
   3.324414715719e-01   1.578978561139e-06
   3.351170568562e-01   1.636289809400e-06
   3.377926421405e-01   1.696257071143e-06
   3.404682274247e-01   1.757915016166e-06
   3.431438127090e-01   1.934231358564e-06
   3.458193979933e-01   1.882904355591e-06
   3.484949832776e-01   1.947002276102e-06
   3.511705685619e-01   2.012660152970e-06
   3.538461538462e-01   1.991633676434e-06
   3.565217391304e-01   2.070522258782e-06
   3.591973244147e-01   2.197833704827e-06
   3.618729096990e-01   2.280308604794e-06
   3.645484949833e-01   2.347152859390e-06
   3.672240802676e-01   2.424135921652e-06
   3.698996655518e-01   2.521446706159e-06
   3.725752508361e-01   2.559373657810e-06
   3.752508361204e-01   2.631884237090e-06
   3.779264214047e-01   2.704242490324e-06
   3.806020066890e-01   2.777420012213e-06
   3.832775919732e-01   2.848869090770e-06
   3.859531772575e-01   2.837493612696e-06
   3.886287625418e-01   2.439933302033e-06
   3.913043478261e-01   2.350169899681e-06
   3.939799331104e-01   3.151468006877e-06
   3.966555183946e-01   3.227749982899e-06
   3.993311036789e-01   3.306863225706e-06
   4.020066889632e-01   3.383252534052e-06
   4.046822742475e-01   3.458570687153e-06
   4.073578595318e-01   3.540191621843e-06
   4.100334448161e-01   3.318832451620e-06
   4.127090301003e-01   3.700234307077e-06
   4.153846153846e-01   3.777009392925e-06
   4.180602006689e-01   3.856036196426e-06
   4.207357859532e-01   3.926968655330e-06
   4.234113712375e-01   4.013708069743e-06
   4.260869565217e-01   4.085640452609e-06
   4.287625418060e-01   4.186980821971e-06
   4.314381270903e-01   4.262041654081e-06
   4.341137123746e-01   4.346553010745e-06
   4.367892976589e-01   4.427705559057e-06
   4.394648829431e-01   4.482979720113e-06
   4.421404682274e-01   4.593604736324e-06
   4.448160535117e-01   4.690977730975e-06
   4.474916387960e-01   4.120411169969e-06
   4.501672240803e-01   4.843475252476e-06
   4.528428093645e-01   4.928624190492e-06
   4.555183946488e-01   5.013171979110e-06
   4.581939799331e-01   5.088698603028e-06
   4.608695652174e-01   5.175388681747e-06
   4.635451505017e-01   5.075358780119e-06
   4.662207357860e-01   5.346892196581e-06
   4.688963210702e-01   4.888833657460e-06
   4.715719063545e-01   5.518449106237e-06
   4.742474916388e-01   5.606178600864e-06
   4.769230769231e-01   5.690544433399e-06
   4.795986622074e-01   5.763887601474e-06
   4.822742474916e-01   5.851016144517e-06
   4.849498327759e-01   5.942526090212e-06
   4.876254180602e-01   6.031322219184e-06
   4.903010033445e-01   6.114568214247e-06
   4.929765886288e-01   6.201391036175e-06
   4.956521739130e-01   6.292008001677e-06
   4.983277591973e-01   6.371548967842e-06
   5.010033444816e-01   6.462182123537e-06
   5.036789297659e-01   6.535113242873e-06
   5.063545150502e-01   6.622454968226e-06
   5.090301003344e-01   6.325929571330e-06
   5.117056856187e-01   6.795284917730e-06
   5.143812709030e-01   6.882513915800e-06
   5.170568561873e-01   6.971905593069e-06
   5.197324414716e-01   7.049060058801e-06
   5.224080267559e-01   7.143761836414e-06
   5.250836120401e-01   7.255217908947e-06
   5.277591973244e-01   7.294552882299e-06
   5.304347826087e-01   7.382629612860e-06
   5.331103678930e-01   7.464169060520e-06
   5.357859531773e-01   7.539717674804e-06
   5.384615384615e-01   7.629091545447e-06
   5.411371237458e-01   7.712988831684e-06
   5.438127090301e-01   7.794413028836e-06
   5.464882943144e-01   7.877750307364e-06
   5.491638795987e-01   7.952268264129e-06
   5.518394648829e-01   8.036532567956e-06
   5.545150501672e-01   8.125347754347e-06
   5.571906354515e-01   8.198355176161e-06
   5.598662207358e-01   7.805531526217e-06
   5.625418060201e-01   8.355257511857e-06
   5.652173913043e-01   8.452763141813e-06
   5.678929765886e-01   8.510837240139e-06
   5.705685618729e-01   8.586917792802e-06
   5.732441471572e-01   8.568261642616e-06
   5.759197324415e-01   8.735064839721e-06
   5.785953177258e-01   8.808990163294e-06
   5.812709030100e-01   8.332074862755e-06
   5.839464882943e-01   8.960025638798e-06
   5.866220735786e-01   9.045054609338e-06
   5.892976588629e-01   9.097374317633e-06
   5.919732441472e-01   9.171716246447e-06
   5.946488294314e-01   9.238067027299e-06
   5.973244147157e-01   9.306348526260e-06
   6.000000000000e-01   9.375819533760e-06
