  -2.000000000000e-01  -4.245061824063e-07
  -1.973244147157e-01   5.444060466392e-08
  -1.946488294314e-01   5.233516785949e-08
  -1.919732441472e-01   5.029894964249e-08
  -1.892976588629e-01   4.832602809896e-08
  -1.866220735786e-01   4.642332691316e-08
  -1.839464882943e-01   4.460197664959e-08
  -1.812709030100e-01   4.282355356396e-08
  -1.785953177258e-01   4.114400813961e-08
  -1.759197324415e-01   3.956071524074e-08
  -1.732441471572e-01   3.802688975405e-08
  -1.705685618729e-01   3.654070040235e-08
  -1.678929765886e-01   3.508716447627e-08
  -1.652173913043e-01   3.376499329947e-08
  -1.625418060201e-01   3.253127688802e-08
  -1.598662207358e-01   3.140027525644e-08
  -1.571906354515e-01   3.042658966036e-08
  -1.545150501672e-01   2.975086567412e-08
  -1.518394648829e-01   2.967719945032e-08
  -1.491638795987e-01   3.091993099435e-08
  -1.464882943144e-01   3.351512063502e-08
  -1.438127090301e-01   3.752273491249e-08
  -1.411371237458e-01   4.289727378986e-08
  -1.384615384615e-01   4.703363895524e-08
  -1.357859531773e-01   4.849970690326e-08
  -1.331103678930e-01   4.815006056572e-08
  -1.304347826087e-01   4.703322249290e-08
  -1.277591973244e-01   4.558234222762e-08
  -1.250836120401e-01   4.399298205201e-08
  -1.224080267559e-01   4.234075692850e-08
  -1.197324414716e-01   4.070883158961e-08
  -1.170568561873e-01   3.908454179431e-08
  -1.143812709030e-01   3.748763371821e-08
  -1.117056856187e-01   3.417966596700e-08
  -1.090301003344e-01   3.444249708167e-08
  -1.063545150502e-01   3.299204611147e-08
  -1.036789297659e-01   3.160197684676e-08
  -1.010033444816e-01   3.025501591641e-08
  -9.832775919732e-02   2.896222086570e-08
  -9.565217391304e-02   2.771881268004e-08
  -9.297658862876e-02   2.651970336603e-08
  -9.030100334448e-02   2.537921631615e-08
  -8.762541806020e-02   2.428677076285e-08
  -8.494983277592e-02   2.322891804709e-08
  -8.227424749164e-02   2.219855072868e-08
  -7.959866220736e-02   2.147714722354e-08
  -7.692307692308e-02   2.035180669128e-08
  -7.424749163880e-02   1.948875787897e-08
  -7.157190635452e-02   1.868460376585e-08
  -6.889632107023e-02   1.796943098810e-08
  -6.622073578595e-02   1.747228555155e-08
  -6.354515050167e-02   1.763480272588e-08
  -6.086956521739e-02   1.870170210904e-08
  -5.819397993311e-02   2.036669527724e-08
  -5.551839464883e-02   2.223197722042e-08
  -5.284280936455e-02   2.383564744579e-08
  -5.016722408027e-02   2.443337916625e-08
  -4.749163879599e-02   2.403348787378e-08
  -4.481605351171e-02   2.321341210277e-08
  -4.214046822742e-02   2.225412067319e-08
  -3.946488294314e-02   2.126063903196e-08
  -3.678929765886e-02   2.029906318087e-08
  -3.411371237458e-02   1.930673165006e-08
  -3.143812709030e-02   1.836873542364e-08
  -2.876254180602e-02   1.746797675869e-08
  -2.608695652174e-02   1.660866884521e-08
  -2.341137123746e-02   1.576965580824e-08
  -2.073578595318e-02   1.500280199404e-08
  -1.806020066890e-02   1.421778031297e-08
  -1.538461538462e-02   1.349413171702e-08
  -1.270903010033e-02   1.280368270917e-08
  -1.003344481605e-02   1.214610343529e-08
  -7.357859531773e-03   1.151965702079e-08
  -4.682274247492e-03   1.085681456678e-08
  -2.006688963211e-03   1.035859764788e-08
   6.688963210703e-04   9.816066798320e-09
   3.344481605351e-03   9.310372559229e-09
   6.020066889632e-03   8.825963029160e-09
   8.695652173913e-03   8.392017228590e-09
   1.137123745819e-02   8.049148226549e-09
   1.404682274247e-02   8.192415519918e-09
   1.672240802676e-02   8.585533380613e-09
   1.939799331104e-02   7.648403825610e-09
   2.207357859532e-02   9.025069332914e-09
   2.474916387960e-02   9.134589835241e-09
   2.742474916388e-02   8.896052947636e-09
   3.010033444816e-02   8.453218941442e-09
   3.277591973244e-02   7.986772053037e-09
   3.545150501672e-02   7.006933381881e-09
   3.812709030100e-02   2.072402346098e-09
   4.080267558528e-02   6.658057925872e-09
   4.347826086957e-02   6.291404801140e-09
   4.615384615385e-02   5.930542765034e-09
   4.882943143813e-02   5.566926385792e-09
   5.150501672241e-02   5.286227048340e-09
   5.418060200669e-02   5.002444841214e-09
   5.685618729097e-02   4.740478378394e-09
   5.953177257525e-02   4.500756725287e-09
   6.220735785953e-02   4.283833255182e-09
   6.488294314381e-02   4.087714826943e-09
   6.755852842809e-02   3.911767154587e-09
   7.023411371237e-02   2.349814027223e-09
   7.290969899666e-02   3.634055721519e-09
   7.558528428094e-02   3.710641321982e-09
   7.826086956522e-02   3.608038144458e-09
   8.093645484950e-02   3.445250126911e-09
   8.361204013378e-02   3.268472986991e-09
   8.628762541806e-02   3.206986424933e-09
   8.896321070234e-02   3.123068773956e-09
   9.163879598662e-02   3.066048526808e-09
   9.431438127090e-02   3.016119184614e-09
   9.698996655518e-02   2.945184482907e-09
   9.966555183946e-02   3.030304712933e-09
   1.023411371237e-01   3.067809046906e-09
   1.050167224080e-01   3.134830066308e-09
   1.076923076923e-01   3.227921450227e-09
   1.103678929766e-01   3.348020991952e-09
   1.130434782609e-01   3.501072757102e-09
   1.157190635452e-01   7.888517959666e-10
   1.183946488294e-01   3.902798519466e-09
   1.210702341137e-01   4.175361767682e-09
   1.237458193980e-01   4.450865102277e-09
   1.264214046823e-01   4.783322839195e-09
   1.290969899666e-01   5.160964790931e-09
   1.317725752508e-01   5.577027009135e-09
   1.344481605351e-01   6.059434753078e-09
   1.371237458194e-01   6.591211259769e-09
   1.397993311037e-01   7.186317569020e-09
   1.424749163880e-01   7.842923455125e-09
   1.451505016722e-01   8.576524655496e-09
   1.478260869565e-01   9.390822151514e-09
   1.505016722408e-01   1.029018654291e-08
   1.531772575251e-01   1.129133056590e-08
   1.558528428094e-01   1.239084402987e-08
   1.585284280936e-01   1.361275596611e-08
   1.612040133779e-01   1.487323674246e-08
   1.638795986622e-01   1.645568765892e-08
   1.665551839465e-01   1.810400536523e-08
   1.692307692308e-01   1.991950011063e-08
   1.719063545151e-01   2.193410284426e-08
   1.745819397993e-01   2.415834411551e-08
   1.772575250836e-01   2.659986832907e-08
   1.799331103679e-01   2.929894566096e-08
   1.826086956522e-01   3.227516921494e-08
   1.852842809365e-01   3.563304152929e-08
   1.879598662207e-01   3.916884639064e-08
   1.906354515050e-01   4.315321881240e-08
   1.933110367893e-01   4.753640796662e-08
   1.959866220736e-01   5.236287504521e-08
   1.986622073579e-01   5.767710652710e-08
   2.013377926421e-01   6.347711727314e-08
   2.040133779264e-01   6.989571425440e-08
   2.066889632107e-01   7.687817280490e-08
   2.093645484950e-01   8.454767825997e-08
   2.120401337793e-01   9.288707231907e-08
   2.147157190635e-01   1.020217738140e-07
   2.173913043478e-01   1.119603529631e-07
   2.200668896321e-01   1.227679903190e-07
   2.227424749164e-01   1.344753714987e-07
   2.254180602007e-01   1.470592899353e-07
   2.280936454849e-01   1.604408141377e-07
   2.307692307692e-01   1.755476794856e-07
   2.334448160535e-01   1.913442530468e-07
   2.361204013378e-01   2.082029895191e-07
   2.387959866221e-01   2.262757745711e-07
   2.414715719064e-01   2.454725194214e-07
   2.441471571906e-01   2.659324017916e-07
   2.468227424749e-01   2.875193613646e-07
   2.494983277592e-01   3.103082739880e-07
   2.521739130435e-01   3.345598111289e-07
   2.548494983278e-01   3.598232853746e-07
   2.575250836120e-01   3.863035492603e-07
   2.602006688963e-01   4.139768407289e-07
   2.628762541806e-01   4.428970446365e-07
   2.655518394649e-01   4.732359771968e-07
   2.682274247492e-01   5.047112342085e-07
   2.709030100334e-01   5.370391868208e-07
   2.735785953177e-01   5.708918678651e-07
   2.762541806020e-01   6.061595692622e-07
   2.789297658863e-01   6.423697818769e-07
   2.816053511706e-01   6.796813774042e-07
   2.842809364548e-01   7.181354544191e-07
   2.869565217391e-01   7.580121231082e-07
   2.896321070234e-01   7.988547085110e-07
   2.923076923077e-01   8.412348586935e-07
   2.949832775920e-01   8.837207265640e-07
   2.976588628763e-01   9.282678011504e-07
   3.003344481605e-01   9.735537691817e-07
   3.030100334448e-01   1.019983252620e-06
   3.056856187291e-01   1.069797095536e-06
   3.083612040134e-01   1.090567221454e-06
   3.110367892977e-01   1.165760043499e-06
   3.137123745819e-01   1.216506449433e-06
   3.163879598662e-01   1.267472034131e-06
   3.190635451505e-01   1.320806916307e-06
   3.217391304348e-01   1.375155409532e-06
   3.244147157191e-01   1.429692740579e-06
   3.270903010033e-01   1.486223397275e-06
   3.297658862876e-01   1.541980956199e-06
   3.324414715719e-01   1.600287973220e-06
   3.351170568562e-01   1.658221474282e-06
   3.377926421405e-01   1.717540307288e-06
   3.404682274247e-01   1.780411316332e-06
   3.431438127090e-01   1.840028493916e-06
   3.458193979933e-01   1.902124493970e-06
   3.484949832776e-01   1.965017204800e-06
   3.511705685619e-01   2.029195187653e-06
   3.538461538462e-01   2.093388994026e-06
   3.565217391304e-01   2.159941621833e-06
   3.591973244147e-01   2.223802123120e-06
   3.618729096990e-01   2.293691136722e-06
   3.645484949833e-01   2.361375810223e-06
   3.672240802676e-01   2.431002462548e-06
   3.698996655518e-01   2.500129330878e-06
   3.725752508361e-01   2.569989017337e-06
   3.752508361204e-01   2.640883802942e-06
   3.779264214047e-01   2.708130057373e-06
   3.806020066890e-01   2.782994781963e-06
   3.832775919732e-01   2.858151640708e-06
   3.859531772575e-01   2.930808790944e-06
   3.886287625418e-01   3.006296461310e-06
   3.913043478261e-01   3.080539970103e-06
   3.939799331104e-01   3.155264527590e-06
   3.966555183946e-01   3.231300801020e-06
   3.993311036789e-01   3.303488043242e-06
   4.020066889632e-01   3.381737192851e-06
   4.046822742475e-01   3.466041253340e-06
   4.073578595318e-01   3.546797817137e-06
   4.100334448161e-01   3.619360867992e-06
   4.127090301003e-01   3.697440842965e-06
   4.153846153846e-01   3.779832148772e-06
   4.180602006689e-01   3.874415080957e-06
   4.207357859532e-01   3.936640216597e-06
   4.234113712375e-01   4.013977122606e-06
   4.260869565217e-01   4.097572157075e-06
   4.287625418060e-01   4.177675318177e-06
   4.314381270903e-01   4.260750398577e-06
   4.341137123746e-01   4.345030236686e-06
   4.367892976589e-01   4.423549540539e-06
   4.394648829431e-01   4.510538868791e-06
   4.421404682274e-01   4.589766478026e-06
   4.448160535117e-01   4.670601819876e-06
   4.474916387960e-01   4.758433533339e-06
   4.501672240803e-01   4.840122072857e-06
   4.528428093645e-01   4.924293487436e-06
   4.555183946488e-01   5.008904384891e-06
   4.581939799331e-01   5.186033017009e-06
   4.608695652174e-01   5.187232539099e-06
   4.635451505017e-01   5.262061347119e-06
   4.662207357860e-01   5.346542357153e-06
   4.688963210702e-01   5.431799513088e-06
   4.715719063545e-01   5.517604714276e-06
   4.742474916388e-01   5.603023030243e-06
   4.769230769231e-01   5.680384314166e-06
   4.795986622074e-01   5.772379611980e-06
   4.822742474916e-01   5.859881659595e-06
   4.849498327759e-01   5.946052196773e-06
   4.876254180602e-01   6.032282241027e-06
   4.903010033445e-01   6.118707325439e-06
   4.929765886288e-01   6.205599609963e-06
   4.956521739130e-01   6.291948052737e-06
   4.983277591973e-01   6.377832865034e-06
   5.010033444816e-01   6.461902249943e-06
   5.036789297659e-01   6.548690598647e-06
   5.063545150502e-01   6.642930353442e-06
   5.090301003344e-01   6.728142364152e-06
   5.117056856187e-01   6.811486283238e-06
   5.143812709030e-01   6.898842532277e-06
   5.170568561873e-01   6.985535120724e-06
   5.197324414716e-01   7.072172362137e-06
   5.224080267559e-01   7.183839640237e-06
   5.250836120401e-01   7.245735499975e-06
   5.277591973244e-01   7.332121848524e-06
   5.304347826087e-01   7.417599494813e-06
   5.331103678930e-01   7.504829111280e-06
   5.357859531773e-01   7.591772851757e-06
   5.384615384615e-01   7.678257752900e-06
   5.411371237458e-01   7.763938373676e-06
   5.438127090301e-01   7.849657407828e-06
   5.464882943144e-01   7.930694580165e-06
   5.491638795987e-01   7.965226816237e-06
   5.518394648829e-01   8.139794846211e-06
   5.545150501672e-01   8.193787286500e-06
   5.571906354515e-01   8.279321900100e-06
   5.598662207358e-01   8.362210368576e-06
   5.625418060201e-01   8.448569032929e-06
   5.652173913043e-01   8.534376038923e-06
   5.678929765886e-01   8.615474101787e-06
   5.705685618729e-01   8.702004973526e-06
   5.732441471572e-01   8.525068925662e-06
   5.759197324415e-01   8.871890675876e-06
   5.785953177258e-01   8.958791788728e-06
   5.812709030100e-01   9.036205835125e-06
   5.839464882943e-01   9.097122981780e-06
   5.866220735786e-01   9.200038038514e-06
   5.892976588629e-01   9.281400844385e-06
   5.919732441472e-01   9.361301795764e-06
   5.946488294314e-01   9.445196390747e-06
   5.973244147157e-01   9.524692283051e-06
   6.000000000000e-01   9.604092882498e-06
