  -2.000000000000e-01   7.401367901153e-07
  -1.973244147157e-01   7.498782398650e-07
  -1.946488294314e-01   7.582495944307e-07
  -1.919732441472e-01   7.623761160261e-07
  -1.892976588629e-01   3.525396638700e-07
  -1.866220735786e-01   5.782697479548e-07
  -1.839464882943e-01   6.870330312831e-07
  -1.812709030100e-01   7.272132936643e-07
  -1.785953177258e-01   7.118502158685e-07
  -1.759197324415e-01   6.978109466981e-07
  -1.732441471572e-01   6.816195918175e-07
  -1.705685618729e-01   6.651702426178e-07
  -1.678929765886e-01   6.496661435409e-07
  -1.652173913043e-01   6.347363632215e-07
  -1.625418060201e-01   6.190134501852e-07
  -1.598662207358e-01   5.674764025827e-07
  -1.571906354515e-01   6.007311849019e-07
  -1.545150501672e-01   5.487677357175e-07
  -1.518394648829e-01   6.142271209556e-07
  -1.491638795987e-01   6.026006909649e-07
  -1.464882943144e-01   6.091375278223e-07
  -1.438127090301e-01   6.470916495740e-07
  -1.411371237458e-01   6.193480625029e-07
  -1.384615384615e-01   6.229881885753e-07
  -1.357859531773e-01   6.226224526649e-07
  -1.331103678930e-01   6.167408223170e-07
  -1.304347826087e-01   6.030388786199e-07
  -1.277591973244e-01   5.932412227859e-07
  -1.250836120401e-01   5.804190779631e-07
  -1.224080267559e-01   5.776287651939e-07
  -1.197324414716e-01   5.527772246295e-07
  -1.170568561873e-01   5.379452191118e-07
  -1.143812709030e-01   3.245316278467e-07
  -1.117056856187e-01   5.111053841905e-07
  -1.090301003344e-01   4.948448668905e-07
  -1.063545150502e-01   2.626346510875e-07
  -1.036789297659e-01   6.953321794022e-07
  -1.010033444816e-01   6.951626751401e-07
  -9.832775919732e-02   5.704803751439e-07
  -9.565217391304e-02   5.329524144906e-07
  -9.297658862876e-02   3.280568309410e-07
  -9.030100334448e-02   4.857009387871e-07
  -8.762541806020e-02   4.872034555802e-07
  -8.494983277592e-02   4.876353917680e-07
  -8.227424749164e-02   4.848894833998e-07
  -7.959866220736e-02   4.773109349080e-07
  -7.692307692308e-02   5.272086130478e-07
  -7.424749163880e-02   4.534191329019e-07
  -7.157190635452e-02   4.429573333297e-07
  -6.889632107023e-02   4.310539154732e-07
  -6.622073578595e-02   4.189441288410e-07
  -6.354515050167e-02   4.067915041861e-07
  -6.086956521739e-02   3.854703064708e-07
  -5.819397993311e-02   3.840831096370e-07
  -5.551839464883e-02   3.734191171658e-07
  -5.284280936455e-02   3.700351699498e-07
  -5.016722408027e-02   3.689615138213e-07
  -4.749163879599e-02   3.111517687538e-07
  -4.481605351171e-02   3.658804145986e-07
  -4.214046822742e-02   3.648621064357e-07
  -3.946488294314e-02   3.684950854663e-07
  -3.678929765886e-02   3.522136561218e-07
  -3.411371237458e-02   3.578573794734e-07
  -3.143812709030e-02   3.560687926145e-07
  -2.876254180602e-02   3.435635982943e-07
  -2.608695652174e-02   3.388779295984e-07
  -2.341137123746e-02   3.288278745438e-07
  -2.073578595318e-02   3.184541379207e-07
  -1.806020066890e-02   3.082984102609e-07
  -1.538461538462e-02   2.987410646711e-07
  -1.270903010033e-02   2.884643998573e-07
  -1.003344481605e-02   2.788318571709e-07
  -7.357859531773e-03   3.280092426392e-07
  -4.682274247492e-03   2.697546436040e-07
  -2.006688963211e-03   1.884816058770e-07
   6.688963210703e-04   2.633920890939e-07
   3.344481605351e-03   2.609305605126e-07
   6.020066889632e-03   2.478719279012e-07
   8.695652173913e-03   2.541526104427e-07
   1.137123745819e-02   2.480300569210e-07
   1.404682274247e-02   2.471530455521e-07
   1.672240802676e-02   2.420004800035e-07
   1.939799331104e-02   2.322601371845e-07
   2.207357859532e-02   2.268005494471e-07
   2.474916387960e-02   2.196901410398e-07
   2.742474916388e-02   2.107505741486e-07
   3.010033444816e-02   2.029182018259e-07
   3.277591973244e-02   1.951955892654e-07
   3.545150501672e-02   1.887765944929e-07
   3.812709030100e-02   1.848877522048e-07
   4.080267558528e-02   1.811571210833e-07
   4.347826086957e-02   1.767124289415e-07
   4.615384615385e-02   1.726832998982e-07
   4.882943143813e-02   1.687485853020e-07
   5.150501672241e-02   1.819292568260e-07
   5.418060200669e-02   1.603301679635e-07
   5.685618729097e-02   1.567193514861e-07
   5.953177257525e-02   1.523983945414e-07
   6.220735785953e-02   1.469127627698e-07
   6.488294314381e-02   1.407677796066e-07
   6.755852842809e-02   1.352333500373e-07
   7.023411371237e-02   1.294632904717e-07
   7.290969899666e-02   1.240866572897e-07
   7.558528428094e-02   1.201237065396e-07
   7.826086956522e-02   1.158805903616e-07
   8.093645484950e-02   1.113817269717e-07
   8.361204013378e-02   1.070905256855e-07
   8.628762541806e-02   1.034255004374e-07
   8.896321070234e-02   9.917752295087e-08
   9.163879598662e-02   9.546400529412e-08
   9.431438127090e-02   9.122592566905e-08
   9.698996655518e-02   8.743220885456e-08
   9.966555183946e-02   8.351778843612e-08
   1.023411371237e-01   7.962846997234e-08
   1.050167224080e-01   7.574824706060e-08
   1.076923076923e-01   7.160457084253e-08
   1.103678929766e-01   6.852857638287e-08
   1.130434782609e-01   6.505550815888e-08
   1.157190635452e-01   6.196433628283e-08
   1.183946488294e-01   5.892220923191e-08
   1.210702341137e-01   5.606139924177e-08
   1.237458193980e-01   5.357509733758e-08
   1.264214046823e-01   5.079231442242e-08
   1.290969899666e-01   4.835183440284e-08
   1.317725752508e-01   4.641948141542e-08
   1.344481605351e-01   4.078691553432e-08
   1.371237458194e-01   4.216253642276e-08
   1.397993311037e-01   4.112584961818e-08
   1.424749163880e-01   3.876081752969e-08
   1.451505016722e-01   3.728676008009e-08
   1.478260869565e-01   3.604497566655e-08
   1.505016722408e-01   3.425771961179e-08
   1.531772575251e-01   3.400197805583e-08
   1.558528428094e-01   3.332841231167e-08
   1.585284280936e-01   3.251484324461e-08
   1.612040133779e-01   3.206683985234e-08
   1.638795986622e-01   3.185739148642e-08
   1.665551839465e-01   3.182846647160e-08
   1.692307692308e-01   3.202068133840e-08
   1.719063545151e-01   3.201746394433e-08
   1.745819397993e-01   3.422484038646e-08
   1.772575250836e-01   3.385465273922e-08
   1.799331103679e-01   3.486894951750e-08
   1.826086956522e-01   3.628491883259e-08
   1.852842809365e-01   3.796349167034e-08
   1.879598662207e-01   4.096095391652e-08
   1.906354515050e-01   4.230016343197e-08
   1.933110367893e-01   4.494464029380e-08
   1.959866220736e-01   4.819301921489e-08
   1.986622073579e-01   5.169199287927e-08
   2.013377926421e-01   5.413020158892e-08
   2.040133779264e-01   6.013890455378e-08
   2.066889632107e-01   6.527996716248e-08
   2.093645484950e-01   6.689754844911e-08
   2.120401337793e-01   7.773097129978e-08
   2.147157190635e-01   8.493917712496e-08
   2.173913043478e-01   9.569707763693e-08
   2.200668896321e-01   1.019924682515e-07
   2.227424749164e-01   1.119716723214e-07
   2.254180602007e-01   1.230593663923e-07
   2.280936454849e-01   1.352036220423e-07
   2.307692307692e-01   1.486259485563e-07
   2.334448160535e-01   1.539294427324e-07
   2.361204013378e-01   1.769329447427e-07
   2.387959866221e-01   1.972040518292e-07
   2.414715719064e-01   2.187504523934e-07
   2.441471571906e-01   2.400994730614e-07
   2.468227424749e-01   2.612077604201e-07
   2.494983277592e-01   2.810660376045e-07
   2.521739130435e-01   3.063004618142e-07
   2.548494983278e-01   3.326879384827e-07
   2.575250836120e-01   3.607138348236e-07
   2.602006688963e-01   3.900126622946e-07
   2.628762541806e-01   4.208947292126e-07
   2.655518394649e-01   4.542322615697e-07
   2.682274247492e-01   4.815669595495e-07
   2.709030100334e-01   5.215320847031e-07
   2.735785953177e-01   5.578716946012e-07
   2.762541806020e-01   5.952607461191e-07
   2.789297658863e-01   6.077558801052e-07
   2.816053511706e-01   6.739412301516e-07
   2.842809364548e-01   7.150053506630e-07
   2.869565217391e-01   7.565784838589e-07
   2.896321070234e-01   8.058922228507e-07
   2.923076923077e-01   8.446048172933e-07
   2.949832775920e-01   8.899284031256e-07
   2.976588628763e-01   9.385772266579e-07
   3.003344481605e-01   9.843325482514e-07
   3.030100334448e-01   1.032106712093e-06
   3.056856187291e-01   1.080626098109e-06
   3.083612040134e-01   1.131865460988e-06
   3.110367892977e-01   1.183674592814e-06
   3.137123745819e-01   1.236188765228e-06
   3.163879598662e-01   1.236610656636e-06
   3.190635451505e-01   1.291328285036e-06
   3.217391304348e-01   1.370415784134e-06
   3.244147157191e-01   1.466436251007e-06
   3.270903010033e-01   1.511559384139e-06
   3.297658862876e-01   1.569116460107e-06
   3.324414715719e-01   1.659620570440e-06
   3.351170568562e-01   1.687508335705e-06
   3.377926421405e-01   1.749537189807e-06
   3.404682274247e-01   1.809952185781e-06
   3.431438127090e-01   1.873655305186e-06
   3.458193979933e-01   1.935616348535e-06
   3.484949832776e-01   2.000448119038e-06
   3.511705685619e-01   2.063784071600e-06
   3.538461538462e-01   2.128371982318e-06
   3.565217391304e-01   2.195518313887e-06
   3.591973244147e-01   2.262070398935e-06
   3.618729096990e-01   2.329888196634e-06
   3.645484949833e-01   2.398030882953e-06
   3.672240802676e-01   2.466706880657e-06
   3.698996655518e-01   2.940525395003e-06
   3.725752508361e-01   2.605641386980e-06
   3.752508361204e-01   2.677926722402e-06
   3.779264214047e-01   2.749546198677e-06
   3.806020066890e-01   2.827683767924e-06
   3.832775919732e-01   2.894746186337e-06
   3.859531772575e-01   2.967352347672e-06
   3.886287625418e-01   3.050588667198e-06
   3.913043478261e-01   3.114731220731e-06
   3.939799331104e-01   3.188470615528e-06
   3.966555183946e-01   3.058260339714e-06
   3.993311036789e-01   3.341665590456e-06
   4.020066889632e-01   3.418382212166e-06
   4.046822742475e-01   3.497370435801e-06
   4.073578595318e-01   4.486709541941e-06
   4.100334448161e-01   3.646845645502e-06
   4.127090301003e-01   3.724651058017e-06
   4.153846153846e-01   3.804266986524e-06
   4.180602006689e-01   3.138607865560e-06
   4.207357859532e-01   3.958255470496e-06
   4.234113712375e-01   4.041923797323e-06
   4.260869565217e-01   3.879596477850e-06
   4.287625418060e-01   4.197736289236e-06
   4.314381270903e-01   4.283589613705e-06
   4.341137123746e-01   4.361367799289e-06
   4.367892976589e-01   4.445589829968e-06
   4.394648829431e-01   4.527422302122e-06
   4.421404682274e-01   4.638968905538e-06
   4.448160535117e-01   4.698585045335e-06
   4.474916387960e-01   4.772878057070e-06
   4.501672240803e-01   4.853106798759e-06
   4.528428093645e-01   4.935120139762e-06
   4.555183946488e-01   5.020146216317e-06
   4.581939799331e-01   5.105647610888e-06
   4.608695652174e-01   5.188807553428e-06
   4.635451505017e-01   5.272822424477e-06
   4.662207357860e-01   5.357525518179e-06
   4.688963210702e-01   5.304763176338e-06
   4.715719063545e-01   5.529313355157e-06
   4.742474916388e-01   5.286458392126e-06
   4.769230769231e-01   5.696593526397e-06
   4.795986622074e-01   5.784235903849e-06
   4.822742474916e-01   5.864939795047e-06
   4.849498327759e-01   5.951989921251e-06
   4.876254180602e-01   6.028999222268e-06
   4.903010033445e-01   6.119220023136e-06
   4.929765886288e-01   6.205184207164e-06
   4.956521739130e-01   5.682420398833e-06
   4.983277591973e-01   6.381900814943e-06
   5.010033444816e-01   6.473657259314e-06
   5.036789297659e-01   6.913998123696e-06
   5.063545150502e-01   6.632296957794e-06
   5.090301003344e-01   6.730113646265e-06
   5.117056856187e-01   6.807371688917e-06
   5.143812709030e-01   6.898217722023e-06
   5.170568561873e-01   7.030819614721e-06
   5.197324414716e-01   7.075616887534e-06
   5.224080267559e-01   7.161789675398e-06
   5.250836120401e-01   7.251745374975e-06
   5.277591973244e-01   7.336339973745e-06
   5.304347826087e-01   7.437352725090e-06
   5.331103678930e-01   7.511654917250e-06
   5.357859531773e-01   7.601063844442e-06
   5.384615384615e-01   7.682762441773e-06
   5.411371237458e-01   7.246533235729e-06
   5.438127090301e-01   7.878563743770e-06
   5.464882943144e-01   7.950561463508e-06
   5.491638795987e-01   8.028247500001e-06
   5.518394648829e-01   8.126883384719e-06
   5.545150501672e-01   8.210865702339e-06
   5.571906354515e-01   8.313968213621e-06
   5.598662207358e-01   8.388274315827e-06
   5.625418060201e-01   8.485646944326e-06
   5.652173913043e-01   8.566640231766e-06
   5.678929765886e-01   8.650656764795e-06
   5.705685618729e-01   8.742192204533e-06
   5.732441471572e-01   8.833942766391e-06
   5.759197324415e-01   8.892189091138e-06
   5.785953177258e-01   9.009118064641e-06
   5.812709030100e-01   9.110269036157e-06
   5.839464882943e-01   9.176571638497e-06
   5.866220735786e-01   9.266329288010e-06
   5.892976588629e-01   9.353934487154e-06
   5.919732441472e-01   9.441807581913e-06
   5.946488294314e-01   9.526807649219e-06
   5.973244147157e-01   9.620862864235e-06
   6.000000000000e-01   9.708937630660e-06
