  -2.000000000000e-01   1.500375378438e-07
  -1.973244147157e-01   1.254856116864e-07
  -1.946488294314e-01   1.449308778645e-07
  -1.919732441472e-01   1.465156944758e-07
  -1.892976588629e-01   8.149980111072e-08
  -1.866220735786e-01   1.583286237902e-07
  -1.839464882943e-01   1.672853107062e-07
  -1.812709030100e-01   1.749050684903e-07
  -1.785953177258e-01   1.782159891041e-07
  -1.759197324415e-01   1.505131390830e-07
  -1.732441471572e-01   1.738230231156e-07
  -1.705685618729e-01   1.686914745956e-07
  -1.678929765886e-01   1.630556839934e-07
  -1.652173913043e-01   1.567281372393e-07
  -1.625418060201e-01   1.513204245167e-07
  -1.598662207358e-01   1.451684727300e-07
  -1.571906354515e-01   7.881918557897e-08
  -1.545150501672e-01   1.611709584580e-07
  -1.518394648829e-01   1.288062525925e-07
  -1.491638795987e-01   1.236499107210e-07
  -1.464882943144e-01   1.188120452161e-07
  -1.438127090301e-01   1.238910917266e-07
  -1.411371237458e-01   1.125763851769e-07
  -1.384615384615e-01   1.132858219946e-07
  -1.357859531773e-01   1.144034287878e-07
  -1.331103678930e-01   1.149509025573e-07
  -1.304347826087e-01   1.218758097139e-07
  -1.277591973244e-01   1.308798153216e-07
  -1.250836120401e-01   1.316079102422e-07
  -1.224080267559e-01   1.308832320174e-07
  -1.197324414716e-01   1.296794398512e-07
  -1.170568561873e-01   1.089781036600e-07
  -1.143812709030e-01   1.202631378193e-07
  -1.117056856187e-01   1.160207220369e-07
  -1.090301003344e-01   1.113680750614e-07
  -1.063545150502e-01   1.067637757864e-07
  -1.036789297659e-01   7.791903878555e-08
  -1.010033444816e-01   9.787687337605e-08
  -9.832775919732e-02   9.367500432166e-08
  -9.565217391304e-02   8.968115776553e-08
  -9.297658862876e-02   8.594434536419e-08
  -9.030100334448e-02   8.296152801078e-08
  -8.762541806020e-02   8.218043284978e-08
  -8.494983277592e-02   8.674306896497e-08
  -8.227424749164e-02   8.776795606591e-08
  -7.959866220736e-02   9.091838755453e-08
  -7.692307692308e-02   9.186819180392e-08
  -7.424749163880e-02   9.232852965899e-08
  -7.157190635452e-02   9.209963715091e-08
  -6.889632107023e-02   1.210289606624e-07
  -6.622073578595e-02   8.702732522334e-08
  -6.354515050167e-02   8.356481252731e-08
  -6.086956521739e-02   7.944689368049e-08
  -5.819397993311e-02   7.649127514263e-08
  -5.551839464883e-02   7.304651031080e-08
  -5.284280936455e-02   6.984724362785e-08
  -5.016722408027e-02   6.259438022615e-08
  -4.749163879599e-02   6.355640050403e-08
  -4.481605351171e-02   6.048314660019e-08
  -4.214046822742e-02   5.774931464779e-08
  -3.946488294314e-02   5.552715887357e-08
  -3.678929765886e-02   5.657144118880e-08
  -3.411371237458e-02   5.734221881620e-08
  -3.143812709030e-02   5.909338806756e-08
  -2.876254180602e-02   5.941547327049e-08
  -2.608695652174e-02   5.849801365813e-08
  -2.341137123746e-02   5.851703868428e-08
  -2.073578595318e-02   5.742190063727e-08
  -1.806020066890e-02   1.038717256210e-07
  -1.538461538462e-02   5.287013829456e-08
  -1.270903010033e-02   5.035065527638e-08
  -1.003344481605e-02   4.793446647747e-08
  -7.357859531773e-03   4.556655850168e-08
  -4.682274247492e-03   3.931750551148e-08
  -2.006688963211e-03   3.978122358495e-08
   6.688963210703e-04  -1.208889023778e-08
   3.344481605351e-03   3.703964567848e-08
   6.020066889632e-03   3.545957966989e-08
   8.695652173913e-03   3.480969089940e-08
   1.137123745819e-02   3.577152563479e-08
   1.404682274247e-02   3.415047086803e-08
   1.672240802676e-02   3.417092974696e-08
   1.939799331104e-02   3.375276290681e-08
   2.207357859532e-02   3.336970609727e-08
   2.474916387960e-02   3.259876480052e-08
   2.742474916388e-02   3.122207513435e-08
   3.010033444816e-02   2.899396285180e-08
   3.277591973244e-02   2.898024458979e-08
   3.545150501672e-02   2.631020794476e-08
   3.812709030100e-02   2.508389184259e-08
   4.080267558528e-02   2.370893584111e-08
   4.347826086957e-02   2.236910647771e-08
   4.615384615385e-02   2.118622239754e-08
   4.882943143813e-02   2.051573881385e-08
   5.150501672241e-02   2.091745608232e-08
   5.418060200669e-02   1.785604330448e-08
   5.685618729097e-02   1.872886345832e-08
   5.953177257525e-02   1.781663377925e-08
   6.220735785953e-02   1.754008639179e-08
   6.488294314381e-02   1.690279229848e-08
   6.755852842809e-02   1.644874223547e-08
   7.023411371237e-02   1.514299257532e-08
   7.290969899666e-02   1.554604470621e-08
   7.558528428094e-02   1.355571626613e-08
   7.826086956522e-02   1.291573247998e-08
   8.093645484950e-02   1.216908312392e-08
   8.361204013378e-02   1.162460550405e-08
   8.628762541806e-02   6.578220158484e-08
   8.896321070234e-02   1.015292759880e-08
   9.163879598662e-02   1.003053331236e-08
   9.431438127090e-02   8.248034060978e-09
   9.698996655518e-02   8.798112141439e-09
   9.966555183946e-02   8.137714911214e-09
   1.023411371237e-01   7.707505940271e-09
   1.050167224080e-01   1.406017460219e-08
   1.076923076923e-01   7.144652099797e-09
   1.103678929766e-01   6.748977911736e-09
   1.130434782609e-01   1.607378771955e-08
   1.157190635452e-01   6.348559136145e-09
   1.183946488294e-01   1.044896066005e-07
   1.210702341137e-01   6.143981266376e-09
   1.237458193980e-01   6.119306554363e-09
   1.264214046823e-01   5.966965369796e-09
   1.290969899666e-01   6.209410419490e-09
   1.317725752508e-01   6.371753391780e-09
   1.344481605351e-01   6.541048350623e-09
   1.371237458194e-01   6.675211149456e-09
   1.397993311037e-01   6.975917398482e-09
   1.424749163880e-01   7.329179437641e-09
   1.451505016722e-01   7.754925744676e-09
   1.478260869565e-01   8.248485082883e-09
   1.505016722408e-01   8.825613732862e-09
   1.531772575251e-01   1.084684262536e-08
   1.558528428094e-01   1.015096977392e-08
   1.585284280936e-01   1.107672536150e-08
   1.612040133779e-01   1.206043239423e-08
   1.638795986622e-01   1.317907192883e-08
   1.665551839465e-01   1.433556388947e-08
   1.692307692308e-01   1.562712321431e-08
   1.719063545151e-01   1.720615104544e-08
   1.745819397993e-01   1.889072274910e-08
   1.772575250836e-01   2.075054959298e-08
   1.799331103679e-01   2.281567126736e-08
   1.826086956522e-01   2.514254679622e-08
   1.852842809365e-01   2.595665746614e-08
   1.879598662207e-01   3.047768778597e-08
   1.906354515050e-01   3.384586845458e-08
   1.933110367893e-01   3.709037524466e-08
   1.959866220736e-01   4.093059752968e-08
   1.986622073579e-01   4.522522084523e-08
   2.013377926421e-01   4.957626038392e-08
   2.040133779264e-01   5.519881195342e-08
   2.066889632107e-01   6.102782716875e-08
   2.093645484950e-01   6.751337720711e-08
   2.120401337793e-01   7.440026114710e-08
   2.147157190635e-01   8.327147782386e-08
   2.173913043478e-01   9.150076890430e-08
   2.200668896321e-01   1.013280247117e-07
   2.227424749164e-01   1.130578875917e-07
   2.254180602007e-01   1.239780254311e-07
   2.280936454849e-01   1.373297591255e-07
   2.307692307692e-01   1.518882647336e-07
   2.334448160535e-01   1.677416406076e-07
   2.361204013378e-01   1.850308794463e-07
   2.387959866221e-01   2.036246994531e-07
   2.414715719064e-01   2.247422655008e-07
   2.441471571906e-01   2.456093945755e-07
   2.468227424749e-01   2.681061965819e-07
   2.494983277592e-01   2.931283567755e-07
   2.521739130435e-01   3.194191234761e-07
   2.548494983278e-01   3.431087958925e-07
   2.575250836120e-01   3.747003421284e-07
   2.602006688963e-01   4.038390629993e-07
   2.628762541806e-01   4.347854101086e-07
   2.655518394649e-01   4.664699343888e-07
   2.682274247492e-01   4.710894055178e-07
   2.709030100334e-01   5.020173570070e-07
   2.735785953177e-01   5.684837590438e-07
   2.762541806020e-01   6.041754585633e-07
   2.789297658863e-01   6.660993511553e-07
   2.816053511706e-01   6.796602341746e-07
   2.842809364548e-01   7.181521520475e-07
   2.869565217391e-01   6.967558702826e-07
   2.896321070234e-01   7.996558989973e-07
   2.923076923077e-01   8.413603987887e-07
   2.949832775920e-01   8.843372219520e-07
   2.976588628763e-01   9.285728640023e-07
   3.003344481605e-01   9.792378197259e-07
   3.030100334448e-01   1.020340574970e-06
   3.056856187291e-01   1.067460886453e-06
   3.083612040134e-01   1.116069827790e-06
   3.110367892977e-01   1.164441598535e-06
   3.137123745819e-01   1.216391907747e-06
   3.163879598662e-01   1.267589616383e-06
   3.190635451505e-01   1.320989412723e-06
   3.217391304348e-01   1.373668116154e-06
   3.244147157191e-01   1.428558669846e-06
   3.270903010033e-01   1.492537647886e-06
   3.297658862876e-01   1.537199400328e-06
   3.324414715719e-01   1.320702217323e-06
   3.351170568562e-01   1.656530040588e-06
   3.377926421405e-01   1.715692605786e-06
   3.404682274247e-01   1.776231071652e-06
   3.431438127090e-01   1.815634631291e-06
   3.458193979933e-01   1.898073795815e-06
   3.484949832776e-01   1.991241807916e-06
   3.511705685619e-01   2.025488671593e-06
   3.538461538462e-01   2.090685221112e-06
   3.565217391304e-01   2.155541428326e-06
   3.591973244147e-01   2.221049986328e-06
   3.618729096990e-01   2.288972499743e-06
   3.645484949833e-01   2.356791245420e-06
   3.672240802676e-01   2.424189054640e-06
   3.698996655518e-01   2.486594281251e-06
   3.725752508361e-01   2.564170794134e-06
   3.752508361204e-01   2.460388727374e-06
   3.779264214047e-01   2.710556930041e-06
   3.806020066890e-01   2.781487158743e-06
   3.832775919732e-01   2.848891749787e-06
   3.859531772575e-01   2.921537319757e-06
   3.886287625418e-01   2.997503941193e-06
   3.913043478261e-01   3.069675752868e-06
   3.939799331104e-01   3.149215582923e-06
   3.966555183946e-01   3.235817409180e-06
   3.993311036789e-01   3.159481812150e-06
   4.020066889632e-01   3.373446161702e-06
   4.046822742475e-01   3.449388201720e-06
   4.073578595318e-01   3.966882759333e-06
   4.100334448161e-01   3.606289685955e-06
   4.127090301003e-01   3.683872910046e-06
   4.153846153846e-01   3.761788149077e-06
   4.180602006689e-01   3.841622239712e-06
   4.207357859532e-01   3.922648444644e-06
   4.234113712375e-01   3.968500555541e-06
   4.260869565217e-01   4.075512855347e-06
   4.287625418060e-01   4.163293814279e-06
   4.314381270903e-01   4.249451402911e-06
   4.341137123746e-01   4.323737539312e-06
   4.367892976589e-01   4.407428391015e-06
   4.394648829431e-01   4.334111777063e-06
   4.421404682274e-01   4.572144160887e-06
   4.448160535117e-01   4.654419741727e-06
   4.474916387960e-01   4.500865020905e-06
   4.501672240803e-01   4.820631867659e-06
   4.528428093645e-01   4.902656832726e-06
   4.555183946488e-01   4.994940567728e-06
   4.581939799331e-01   5.086708265408e-06
   4.608695652174e-01   5.157204286551e-06
   4.635451505017e-01   5.240360986036e-06
   4.662207357860e-01   5.319626271654e-06
   4.688963210702e-01   5.421454752408e-06
   4.715719063545e-01   4.744759743796e-06
   4.742474916388e-01   4.829763099229e-06
   4.769230769231e-01   5.671015942509e-06
   4.795986622074e-01   5.756680230371e-06
   4.822742474916e-01   5.841419636903e-06
   4.849498327759e-01   5.918843600224e-06
   4.876254180602e-01   6.008796946621e-06
   4.903010033445e-01   6.095882394798e-06
   4.929765886288e-01   6.189712287813e-06
   4.956521739130e-01   6.275745169940e-06
   4.983277591973e-01   6.361124960152e-06
   5.010033444816e-01   6.447305241249e-06
   5.036789297659e-01   6.527322055118e-06
   5.063545150502e-01   6.622359634145e-06
   5.090301003344e-01   6.708961734481e-06
   5.117056856187e-01   6.723601769767e-06
   5.143812709030e-01   6.883913828904e-06
   5.170568561873e-01   6.323992223331e-06
   5.197324414716e-01   7.065607700848e-06
   5.224080267559e-01   7.158443146537e-06
   5.250836120401e-01   7.237394925682e-06
   5.277591973244e-01   7.317149193783e-06
   5.304347826087e-01   7.415595595041e-06
   5.331103678930e-01   7.362101203986e-06
   5.357859531773e-01   7.593032686208e-06
   5.384615384615e-01   7.675158943266e-06
   5.411371237458e-01   7.762727875566e-06
   5.438127090301e-01   7.844911565380e-06
   5.464882943144e-01   7.938862437694e-06
   5.491638795987e-01   8.035354776640e-06
   5.518394648829e-01   8.114276471640e-06
   5.545150501672e-01   8.203564814727e-06
   5.571906354515e-01   8.285501629719e-06
   5.598662207358e-01   8.310694501293e-06
   5.625418060201e-01   8.407726707799e-06
   5.652173913043e-01   8.553538043917e-06
   5.678929765886e-01   8.645310246286e-06
   5.705685618729e-01   8.724442707501e-06
   5.732441471572e-01   8.812365017316e-06
   5.759197324415e-01   8.966923898221e-06
   5.785953177258e-01   8.982617230766e-06
   5.812709030100e-01   9.073079275885e-06
   5.839464882943e-01   9.164003434762e-06
   5.866220735786e-01   9.282806548050e-06
   5.892976588629e-01   9.319067110981e-06
   5.919732441472e-01   9.335414435497e-06
   5.946488294314e-01   9.508695130876e-06
   5.973244147157e-01   9.627948274705e-06
   6.000000000000e-01   9.681982933074e-06
