  -2.000000000000e-01   5.902861935931e-08
  -1.973244147157e-01   5.679769335029e-08
  -1.946488294314e-01   5.445660143228e-08
  -1.919732441472e-01   5.223516078081e-08
  -1.892976588629e-01   5.005756759472e-08
  -1.866220735786e-01   4.763828748033e-08
  -1.839464882943e-01   1.087886993222e-07
  -1.812709030100e-01   4.397013009275e-08
  -1.785953177258e-01   4.210270347375e-08
  -1.759197324415e-01   4.033297784153e-08
  -1.732441471572e-01   3.846130719644e-08
  -1.705685618729e-01   3.712970485826e-08
  -1.678929765886e-01   6.868594494933e-08
  -1.652173913043e-01   3.509773011319e-08
  -1.625418060201e-01   3.639539599154e-08
  -1.598662207358e-01   4.184807740846e-08
  -1.571906354515e-01   4.883237169171e-08
  -1.545150501672e-01   5.037146165534e-08
  -1.518394648829e-01   4.958784565689e-08
  -1.491638795987e-01   4.805955001534e-08
  -1.464882943144e-01   4.630667900417e-08
  -1.438127090301e-01   4.451410716564e-08
  -1.411371237458e-01   4.269240294271e-08
  -1.384615384615e-01   4.089074424760e-08
  -1.357859531773e-01   3.912551124258e-08
  -1.331103678930e-01   3.746959908753e-08
  -1.304347826087e-01   3.585831280507e-08
  -1.277591973244e-01   3.429274767085e-08
  -1.250836120401e-01   3.278866198902e-08
  -1.224080267559e-01   3.140700746074e-08
  -1.197324414716e-01   3.175771019882e-08
  -1.170568561873e-01  -2.363436577657e-08
  -1.143812709030e-01   2.751459813449e-08
  -1.117056856187e-01   2.653999304448e-08
  -1.090301003344e-01   2.644415458117e-08
  -1.063545150502e-01   2.897363536258e-08
  -1.036789297659e-01   3.362207854290e-08
  -1.010033444816e-01   3.557517937087e-08
  -9.832775919732e-02   3.508503540251e-08
  -9.565217391304e-02   3.392906398562e-08
  -9.297658862876e-02   3.262088662548e-08
  -9.030100334448e-02   3.125633944089e-08
  -8.762541806020e-02   2.990807482760e-08
  -8.494983277592e-02   2.858061127773e-08
  -8.227424749164e-02   2.728414411532e-08
  -7.959866220736e-02   1.047603456390e-07
  -7.692307692308e-02   2.484592825420e-08
  -7.424749163880e-02   2.369723228151e-08
  -7.157190635452e-02   2.259751132394e-08
  -6.889632107023e-02   2.154871490169e-08
  -6.622073578595e-02   2.052561532815e-08
  -6.354515050167e-02   1.960416618611e-08
  -6.086956521739e-02   1.871699623352e-08
  -5.819397993311e-02   1.801711803866e-08
  -5.551839464883e-02   1.837782695860e-08
  -5.284280936455e-02   2.046126933327e-08
  -5.016722408027e-02   2.239023900001e-08
  -4.749163879599e-02   1.024095232932e-08
  -4.481605351171e-02   3.934971122058e-09
  -4.214046822742e-02   2.076971700210e-08
  -3.946488294314e-02   1.981314187799e-08
  -3.678929765886e-02   1.886132410526e-08
  -3.411371237458e-02   1.791895535825e-08
  -3.143812709030e-02   1.712187950035e-08
  -2.876254180602e-02  -4.283357681112e-09
  -2.608695652174e-02  -8.533038751187e-08
  -2.341137123746e-02   1.459364612663e-08
  -2.073578595318e-02   1.385273320403e-08
  -1.806020066890e-02   1.314559490977e-08
  -1.538461538462e-02   1.246899827670e-08
  -1.270903010033e-02   1.183437506717e-08
  -1.003344481605e-02   1.125120681404e-08
  -7.357859531773e-03   1.106373548237e-08
  -4.682274247492e-03   1.196258587014e-08
  -2.006688963211e-03   1.257291720857e-08
   6.688963210703e-04   1.261176575923e-08
   3.344481605351e-03   1.209165534621e-08
   6.020066889632e-03   1.148574973170e-08
   8.695652173913e-03   1.086731943983e-08
   1.137123745819e-02   1.030112021757e-08
   1.404682274247e-02   9.701455373225e-09
   1.672240802676e-02   9.143078626575e-09
   1.939799331104e-02   8.641142108447e-09
   2.207357859532e-02   8.152696633533e-09
   2.474916387960e-02   7.691861204153e-09
   2.742474916388e-02   7.256424574521e-09
   3.010033444816e-02   6.851069299436e-09
   3.277591973244e-02   6.351248133435e-09
   3.545150501672e-02   6.287688289374e-09
   3.812709030100e-02   6.437861515618e-09
   4.080267558528e-02   6.543536278922e-09
   4.347826086957e-02   6.413481688143e-09
   4.615384615385e-02   6.080339145038e-09
   4.882943143813e-02   5.738550588859e-09
   5.150501672241e-02   5.412332364979e-09
   5.418060200669e-02   5.107894785032e-09
   5.685618729097e-02   4.802596168074e-09
   5.953177257525e-02   4.561950404625e-09
   6.220735785953e-02   4.322426267215e-09
   6.488294314381e-02   4.096948255471e-09
   6.755852842809e-02   3.904483851548e-09
   7.023411371237e-02   3.911208607583e-09
   7.290969899666e-02   3.781186919700e-09
   7.558528428094e-02   3.634556511683e-09
   7.826086956522e-02   3.506519947216e-09
   8.093645484950e-02   3.364288920145e-09
   8.361204013378e-02   3.239593985494e-09
   8.628762541806e-02   3.136326210647e-09
   8.896321070234e-02   3.051870319208e-09
   9.163879598662e-02   2.992338169596e-09
   9.431438127090e-02   1.229328017797e-09
   9.698996655518e-02   2.769695413348e-09
   9.966555183946e-02   2.670888058385e-09
   1.023411371237e-01   2.553808077675e-09
   1.050167224080e-01   2.535730478112e-09
   1.076923076923e-01   2.569627908640e-09
   1.103678929766e-01   2.614566723533e-09
   1.130434782609e-01   2.721960096359e-09
   1.157190635452e-01   2.838788804879e-09
   1.183946488294e-01   2.981736892266e-09
   1.210702341137e-01   3.156334157855e-09
   1.237458193980e-01   3.338304697838e-09
   1.264214046823e-01   3.601129295856e-09
   1.290969899666e-01   3.878958626432e-09
   1.317725752508e-01   3.977070255990e-09
   1.344481605351e-01   4.552724655212e-09
   1.371237458194e-01   5.102254761716e-09
   1.397993311037e-01   5.408577596964e-09
   1.424749163880e-01   5.914158670181e-09
   1.451505016722e-01   6.474687670113e-09
   1.478260869565e-01   7.107193495324e-09
   1.505016722408e-01   7.805231276951e-09
   1.531772575251e-01   8.591265214155e-09
   1.558528428094e-01   9.437293794077e-09
   1.585284280936e-01   1.043591997126e-08
   1.612040133779e-01   1.144414413666e-08
   1.638795986622e-01   1.261897057293e-08
   1.665551839465e-01   1.405741388154e-08
   1.692307692308e-01   1.531737371600e-08
   1.719063545151e-01   1.689129834895e-08
   1.745819397993e-01   1.862579687933e-08
   1.772575250836e-01   2.053011154322e-08
   1.799331103679e-01   2.264708482831e-08
   1.826086956522e-01   2.498607126803e-08
   1.852842809365e-01   2.762536987444e-08
   1.879598662207e-01   3.039354806318e-08
   1.906354515050e-01   3.353997579460e-08
   1.933110367893e-01   3.663803529381e-08
   1.959866220736e-01   4.089664354633e-08
   1.986622073579e-01   4.510177868825e-08
   2.013377926421e-01   4.974800425204e-08
   2.040133779264e-01   5.944542634474e-08
   2.066889632107e-01   6.063084208963e-08
   2.093645484950e-01   6.695176397908e-08
   2.120401337793e-01   7.394978019728e-08
   2.147157190635e-01   7.698350971130e-08
   2.173913043478e-01   9.025485616193e-08
   2.200668896321e-01   9.966532916817e-08
   2.227424749164e-01   1.133128666617e-07
   2.254180602007e-01   1.215870077587e-07
   2.280936454849e-01   1.341996619641e-07
   2.307692307692e-01   1.482784079126e-07
   2.334448160535e-01   1.632204667420e-07
   2.361204013378e-01   1.797049174529e-07
   2.387959866221e-01   1.976013087815e-07
   2.414715719064e-01   2.169036584537e-07
   2.441471571906e-01   2.376990760325e-07
   2.468227424749e-01   2.599198678147e-07
   2.494983277592e-01   2.835454806170e-07
   2.521739130435e-01   3.085494180580e-07
   2.548494983278e-01   3.350299373132e-07
   2.575250836120e-01   3.627077528279e-07
   2.602006688963e-01   3.916429326668e-07
   2.628762541806e-01   4.217883221303e-07
   2.655518394649e-01   4.532616512895e-07
   2.682274247492e-01   4.857309523557e-07
   2.709030100334e-01   5.191984535862e-07
   2.735785953177e-01   5.542623698665e-07
   2.762541806020e-01   5.898301685186e-07
   2.789297658863e-01   6.264433046429e-07
   2.816053511706e-01   6.644262851248e-07
   2.842809364548e-01   7.048089782068e-07
   2.869565217391e-01   7.433147256860e-07
   2.896321070234e-01   7.839619445556e-07
   2.923076923077e-01   8.261157317039e-07
   2.949832775920e-01   8.697136181993e-07
   2.976588628763e-01   8.669931209106e-07
   3.003344481605e-01   9.582316464443e-07
   3.030100334448e-01   1.004704967479e-06
   3.056856187291e-01   1.051835560050e-06
   3.083612040134e-01   1.099181026152e-06
   3.110367892977e-01   1.149674346929e-06
   3.137123745819e-01   1.199936876733e-06
   3.163879598662e-01   1.253053602723e-06
   3.190635451505e-01   1.305582537231e-06
   3.217391304348e-01   1.358038159690e-06
   3.244147157191e-01   1.412461372120e-06
   3.270903010033e-01   1.468050894861e-06
   3.297658862876e-01   1.525265918966e-06
   3.324414715719e-01   1.583971580286e-06
   3.351170568562e-01   1.641379853954e-06
   3.377926421405e-01   1.699762098540e-06
   3.404682274247e-01   1.761586559194e-06
   3.431438127090e-01   1.823716642014e-06
   3.458193979933e-01   1.894354945844e-06
   3.484949832776e-01   1.948676070725e-06
   3.511705685619e-01   2.012365790340e-06
   3.538461538462e-01   2.077971264509e-06
   3.565217391304e-01   2.141537887645e-06
   3.591973244147e-01   1.903622192883e-06
   3.618729096990e-01   2.277720176166e-06
   3.645484949833e-01   2.352668444816e-06
   3.672240802676e-01   2.414701182757e-06
   3.698996655518e-01   2.484339731481e-06
   3.725752508361e-01   3.243028870773e-06
   3.752508361204e-01   2.624276105509e-06
   3.779264214047e-01   2.697362985567e-06
   3.806020066890e-01   2.769565581224e-06
   3.832775919732e-01   2.842899806949e-06
   3.859531772575e-01   2.916686034682e-06
   3.886287625418e-01   2.991520079995e-06
   3.913043478261e-01   3.065593624760e-06
   3.939799331104e-01   3.140221049421e-06
   3.966555183946e-01   3.205348418021e-06
   3.993311036789e-01   3.292862880309e-06
   4.020066889632e-01   3.369686247009e-06
   4.046822742475e-01   3.446986185130e-06
   4.073578595318e-01   3.525291815106e-06
   4.100334448161e-01   4.410238738108e-06
   4.127090301003e-01   4.808047685742e-06
   4.153846153846e-01   3.758468136526e-06
   4.180602006689e-01   3.842864542298e-06
   4.207357859532e-01   3.921323561803e-06
   4.234113712375e-01   4.002288748006e-06
   4.260869565217e-01   4.084427101105e-06
   4.287625418060e-01   4.164302924969e-06
   4.314381270903e-01   4.246341092776e-06
   4.341137123746e-01   5.320756966709e-06
   4.367892976589e-01   4.407788944317e-06
   4.394648829431e-01   3.976088994055e-06
   4.421404682274e-01   4.575436479835e-06
   4.448160535117e-01   4.660254690554e-06
   4.474916387960e-01   4.743100850859e-06
   4.501672240803e-01   4.830501224808e-06
   4.528428093645e-01   4.901220543176e-06
   4.555183946488e-01   4.990891379649e-06
   4.581939799331e-01   5.082848022065e-06
   4.608695652174e-01   5.159973428104e-06
   4.635451505017e-01   5.250771278333e-06
   4.662207357860e-01   5.337170546230e-06
   4.688963210702e-01   5.422350048809e-06
   4.715719063545e-01   5.506345122251e-06
   4.742474916388e-01   5.584689336203e-06
   4.769230769231e-01   5.673591153591e-06
   4.795986622074e-01   5.688012885204e-06
   4.822742474916e-01   5.849079780729e-06
   4.849498327759e-01   5.938153097821e-06
   4.876254180602e-01   6.018378085736e-06
   4.903010033445e-01   6.100027599278e-06
   4.929765886288e-01   6.187267415487e-06
   4.956521739130e-01   6.156915244831e-06
   4.983277591973e-01   6.370451915800e-06
   5.010033444816e-01   6.453962744475e-06
   5.036789297659e-01   6.554950351475e-06
   5.063545150502e-01   6.631415948813e-06
   5.090301003344e-01   6.716890473759e-06
   5.117056856187e-01   6.805452101197e-06
   5.143812709030e-01   6.892622243388e-06
   5.170568561873e-01   6.973915659836e-06
   5.197324414716e-01   6.679359142019e-06
   5.224080267559e-01   7.150793554075e-06
   5.250836120401e-01   7.240723674187e-06
   5.277591973244e-01   7.320996564053e-06
   5.304347826087e-01   7.413457969115e-06
   5.331103678930e-01   7.501818031894e-06
   5.357859531773e-01   7.599100103869e-06
   5.384615384615e-01   7.673295356714e-06
   5.411371237458e-01   7.760579049341e-06
   5.438127090301e-01   7.844336386953e-06
   5.464882943144e-01   7.934476601132e-06
   5.491638795987e-01   8.020348090259e-06
   5.518394648829e-01   8.103520210653e-06
   5.545150501672e-01   8.191972809650e-06
   5.571906354515e-01   8.275733535498e-06
   5.598662207358e-01   8.356334933485e-06
   5.625418060201e-01   8.448497044906e-06
   5.652173913043e-01   8.609326123075e-06
   5.678929765886e-01   8.613200139213e-06
   5.705685618729e-01   8.701264088332e-06
   5.732441471572e-01   8.786217214295e-06
   5.759197324415e-01   8.870378078305e-06
   5.785953177258e-01   8.947491812258e-06
   5.812709030100e-01   9.185783059971e-06
   5.839464882943e-01   9.120494341771e-06
   5.866220735786e-01   9.202610176652e-06
   5.892976588629e-01   9.287297301309e-06
   5.919732441472e-01   9.368188155856e-06
   5.946488294314e-01   9.448762354710e-06
   5.973244147157e-01   9.527955994253e-06
   6.000000000000e-01   9.611429812999e-06
