  -2.000000000000e-01   1.279183660485e-09
  -1.973244147157e-01   7.816063386191e-10
  -1.946488294314e-01   4.139136142958e-10
  -1.919732441472e-01   4.007656063206e-10
  -1.892976588629e-01   3.894862852624e-10
  -1.866220735786e-01   3.702026705187e-10
  -1.839464882943e-01   3.674854563353e-10
  -1.812709030100e-01   3.599590374181e-10
  -1.785953177258e-01   3.499071843826e-10
  -1.759197324415e-01   3.435920257911e-10
  -1.732441471572e-01   3.881878385870e-10
  -1.705685618729e-01   4.854607533026e-10
  -1.678929765886e-01   2.945717455694e-10
  -1.652173913043e-01   2.861434563732e-10
  -1.625418060201e-01   2.641310546063e-10
  -1.598662207358e-01   5.711282099345e-11
  -1.571906354515e-01   2.411371110490e-10
  -1.545150501672e-01   2.257250156396e-10
  -1.518394648829e-01   2.001451833827e-10
  -1.491638795987e-01   1.699501438166e-10
  -1.464882943144e-01   1.215227073220e-10
  -1.438127090301e-01   1.133428910873e-10
  -1.411371237458e-01   1.065603675114e-10
  -1.384615384615e-01   1.006927563024e-10
  -1.357859531773e-01   9.627365177688e-11
  -1.331103678930e-01   9.472747500989e-11
  -1.304347826087e-01   1.062119064044e-10
  -1.277591973244e-01   2.328889803751e-10
  -1.250836120401e-01   2.374247952088e-10
  -1.224080267559e-01   2.301739456990e-10
  -1.197324414716e-01   2.181046417528e-10
  -1.170568561873e-01   2.052126366096e-10
  -1.143812709030e-01   1.927715396138e-10
  -1.117056856187e-01   1.801153949967e-10
  -1.090301003344e-01   1.677508910971e-10
  -1.063545150502e-01   1.555939989574e-10
  -1.036789297659e-01   1.438481360397e-10
  -1.010033444816e-01   1.324436860047e-10
  -9.832775919732e-02   1.216026000872e-10
  -9.565217391304e-02   1.100781453122e-10
  -9.297658862876e-02   9.881076007855e-11
  -9.030100334448e-02   7.408715530250e-11
  -8.762541806020e-02   8.193686565987e-11
  -8.494983277592e-02   7.673052476884e-11
  -8.227424749164e-02   3.281414775498e-11
  -7.959866220736e-02   1.085364483206e-10
  -7.692307692308e-02   1.755162353467e-10
  -7.424749163880e-02   1.691593727540e-10
  -7.157190635452e-02   1.595320648614e-10
  -6.889632107023e-02   1.478476568226e-10
  -6.622073578595e-02   1.367627604325e-10
  -6.354515050167e-02   1.260045481708e-10
  -6.086956521739e-02   1.156407909333e-10
  -5.819397993311e-02   1.056015408065e-10
  -5.551839464883e-02   9.607826459670e-11
  -5.284280936455e-02   8.636622963183e-11
  -5.016722408027e-02   7.836034980299e-11
  -4.749163879599e-02   6.846335197291e-11
  -4.481605351171e-02   6.059130133417e-11
  -4.214046822742e-02   5.679162224067e-11
  -3.946488294314e-02   1.100138304388e-10
  -3.678929765886e-02   1.186384604225e-10
  -3.411371237458e-02   8.878047439368e-11
  -3.143812709030e-02   1.031690261867e-10
  -2.876254180602e-02   9.532128228914e-11
  -2.608695652174e-02   8.799263381906e-11
  -2.341137123746e-02   8.076157734804e-11
  -2.073578595318e-02   7.417697916367e-11
  -1.806020066890e-02   6.802754555598e-11
  -1.538461538462e-02   4.838553128874e-11
  -1.270903010033e-02   5.609166182546e-11
  -1.003344481605e-02   5.052992688784e-11
  -7.357859531773e-03   7.531012955421e-11
  -4.682274247492e-03   8.503955205626e-11
  -2.006688963211e-03   8.200773608836e-11
   6.688963210703e-04   7.776554192089e-11
   3.344481605351e-03   7.521383841239e-11
   6.020066889632e-03   7.218637311634e-11
   8.695652173913e-03   7.032048614867e-11
   1.137123745819e-02   6.908902014268e-11
   1.404682274247e-02   6.747488516436e-11
   1.672240802676e-02   6.849888410351e-11
   1.939799331104e-02   6.008776430198e-11
   2.207357859532e-02   8.831560353241e-11
   2.474916387960e-02   9.042489048212e-11
   2.742474916388e-02   9.355361521801e-11
   3.010033444816e-02   9.738497460247e-11
   3.277591973244e-02   1.026366049467e-10
   3.545150501672e-02   1.084412686541e-10
   3.812709030100e-02   1.156980072879e-10
   4.080267558528e-02   1.240266676896e-10
   4.347826086957e-02   1.337055097013e-10
   4.615384615385e-02   1.520172784146e-10
   4.882943143813e-02   1.642821427258e-10
   5.150501672241e-02   1.780523094798e-10
   5.418060200669e-02   1.952714604421e-10
   5.685618729097e-02   2.134946230160e-10
   5.953177257525e-02   2.459796191819e-10
   6.220735785953e-02   2.581643262661e-10
   6.488294314381e-02   2.844258034939e-10
   6.755852842809e-02   3.138192968911e-10
   7.023411371237e-02   3.487769632030e-10
   7.290969899666e-02   3.852299844206e-10
   7.558528428094e-02   4.229744227261e-10
   7.826086956522e-02   4.705755782738e-10
   8.093645484950e-02   5.254119103566e-10
   8.361204013378e-02   5.759726385422e-10
   8.628762541806e-02   6.381606125764e-10
   8.896321070234e-02   7.138358478455e-10
   9.163879598662e-02   7.817274453728e-10
   9.431438127090e-02   8.653902988708e-10
   9.698996655518e-02   9.571194804071e-10
   9.966555183946e-02   1.059397719127e-09
   1.023411371237e-01   1.173234858492e-09
   1.050167224080e-01   1.295048262330e-09
   1.076923076923e-01   1.436065586983e-09
   1.103678929766e-01   1.587525335526e-09
   1.130434782609e-01   1.756228130062e-09
   1.157190635452e-01   1.943592151860e-09
   1.183946488294e-01   2.146520442156e-09
   1.210702341137e-01   2.520139964116e-09
   1.237458193980e-01   2.860874975592e-09
   1.264214046823e-01   2.897503197584e-09
   1.290969899666e-01   3.198607148895e-09
   1.317725752508e-01   3.536776314380e-09
   1.344481605351e-01   3.658613729209e-09
   1.371237458194e-01   4.104691690387e-09
   1.397993311037e-01   4.718760844305e-09
   1.424749163880e-01   5.428494975313e-09
   1.451505016722e-01   5.801156703639e-09
   1.478260869565e-01   6.398194496187e-09
   1.505016722408e-01   7.074956296009e-09
   1.531772575251e-01   7.789942615731e-09
   1.558528428094e-01   8.595167966595e-09
   1.585284280936e-01   9.478058331730e-09
   1.612040133779e-01   1.045268964884e-08
   1.638795986622e-01   1.159989018710e-08
   1.665551839465e-01   1.271749876167e-08
   1.692307692308e-01   1.401891736635e-08
   1.719063545151e-01   1.545573420010e-08
   1.745819397993e-01   1.704401804747e-08
   1.772575250836e-01   1.876748665228e-08
   1.799331103679e-01   2.075732577915e-08
   1.826086956522e-01   2.284459856385e-08
   1.852842809365e-01   2.518582652031e-08
   1.879598662207e-01   2.775814041596e-08
   1.906354515050e-01   3.064491632082e-08
   1.933110367893e-01   3.374922419821e-08
   1.959866220736e-01   3.723144732575e-08
   1.986622073579e-01   4.104021557733e-08
   2.013377926421e-01   4.527336200675e-08
   2.040133779264e-01   4.990469391781e-08
   2.066889632107e-01   5.875243386692e-08
   2.093645484950e-01   6.072933609892e-08
   2.120401337793e-01   6.704924417955e-08
   2.147157190635e-01   7.380230694556e-08
   2.173913043478e-01   7.795471215286e-08
   2.200668896321e-01   8.538390959895e-08
   2.227424749164e-01   9.566823986223e-08
   2.254180602007e-01   1.088326540356e-07
   2.280936454849e-01   1.236126596188e-07
   2.307692307692e-01   1.376612669328e-07
   2.334448160535e-01   1.463546984347e-07
   2.361204013378e-01   1.612118670124e-07
   2.387959866221e-01   1.773128191162e-07
   2.414715719064e-01   1.948616374970e-07
   2.441471571906e-01   2.138337676427e-07
   2.468227424749e-01   2.343994117833e-07
   2.494983277592e-01   2.565081399730e-07
   2.521739130435e-01   2.817511629321e-07
   2.548494983278e-01   3.054766339914e-07
   2.575250836120e-01   3.325409447527e-07
   2.602006688963e-01   3.608363717492e-07
   2.628762541806e-01   3.910014175684e-07
   2.655518394649e-01   4.224177982082e-07
   2.682274247492e-01   4.511462407514e-07
   2.709030100334e-01   4.913660262429e-07
   2.735785953177e-01   5.259391503420e-07
   2.762541806020e-01   5.632154381035e-07
   2.789297658863e-01   6.020345597375e-07
   2.816053511706e-01   6.416700549589e-07
   2.842809364548e-01   6.828678811073e-07
   2.869565217391e-01   7.251497380349e-07
   2.896321070234e-01   7.679747900909e-07
   2.923076923077e-01   8.146328804602e-07
   2.949832775920e-01   8.591005210961e-07
   2.976588628763e-01   9.057570892216e-07
   3.003344481605e-01   9.545048177034e-07
   3.030100334448e-01   8.917273544426e-07
   3.056856187291e-01   1.053278384614e-06
   3.083612040134e-01   1.105135337267e-06
   3.110367892977e-01   1.138781946519e-06
   3.137123745819e-01   1.143028931984e-06
   3.163879598662e-01   1.263428249074e-06
   3.190635451505e-01   1.366469016244e-06
   3.217391304348e-01   1.383127300856e-06
   3.244147157191e-01   1.431486354239e-06
   3.270903010033e-01   1.489661883983e-06
   3.297658862876e-01   1.548433970009e-06
   3.324414715719e-01   1.608125536152e-06
   3.351170568562e-01   1.661895198784e-06
   3.377926421405e-01   1.730374079172e-06
   3.404682274247e-01   1.793758579164e-06
   3.431438127090e-01   1.857926697729e-06
   3.458193979933e-01   1.544334132494e-06
   3.484949832776e-01   1.986400563695e-06
   3.511705685619e-01   2.050244973503e-06
   3.538461538462e-01   2.289834615678e-06
   3.565217391304e-01   2.184353921376e-06
   3.591973244147e-01   2.251154298783e-06
   3.618729096990e-01   2.319604742549e-06
   3.645484949833e-01   2.393062661192e-06
   3.672240802676e-01   2.461470557950e-06
   3.698996655518e-01   2.531317138380e-06
   3.725752508361e-01   2.604094549408e-06
   3.752508361204e-01   2.672531525753e-06
   3.779264214047e-01   3.275077363780e-06
   3.806020066890e-01   2.817346373094e-06
   3.832775919732e-01   2.891489674444e-06
   3.859531772575e-01   2.963477729220e-06
   3.886287625418e-01   3.038276899789e-06
   3.913043478261e-01   3.112593081688e-06
   3.939799331104e-01   3.187642240066e-06
   3.966555183946e-01   3.263459264570e-06
   3.993311036789e-01   3.337838511702e-06
   4.020066889632e-01   3.412388319113e-06
   4.046822742475e-01   3.483084042295e-06
   4.073578595318e-01   3.568487799039e-06
   4.100334448161e-01   3.643401220099e-06
   4.127090301003e-01   3.493730170887e-06
   4.153846153846e-01   3.811413901808e-06
   4.180602006689e-01   3.876798700659e-06
   4.207357859532e-01   4.943782879420e-06
   4.234113712375e-01   4.156442203745e-06
   4.260869565217e-01   4.111180576656e-06
   4.287625418060e-01   4.185257483755e-06
   4.314381270903e-01   4.262454502940e-06
   4.341137123746e-01   4.348850460956e-06
   4.367892976589e-01   4.419072651388e-06
   4.394648829431e-01   4.491324044753e-06
   4.421404682274e-01   4.565499125380e-06
   4.448160535117e-01   4.648024266009e-06
   4.474916387960e-01   4.716159986255e-06
   4.501672240803e-01   4.032122053769e-06
   4.528428093645e-01   4.879824215281e-06
   4.555183946488e-01   4.122296486515e-06
   4.581939799331e-01   4.824651090970e-06
   4.608695652174e-01   5.760855895904e-06
   4.635451505017e-01   5.172873540050e-06
   4.662207357860e-01   5.252736963608e-06
   4.688963210702e-01   5.328698371383e-06
   4.715719063545e-01   5.406441545627e-06
   4.742474916388e-01   5.473816520911e-06
   4.769230769231e-01   5.549647625535e-06
   4.795986622074e-01   5.623242482081e-06
   4.822742474916e-01   5.673818605934e-06
   4.849498327759e-01   6.554359976152e-06
   4.876254180602e-01   5.821025497594e-06
   4.903010033445e-01   5.893835485934e-06
   4.929765886288e-01   5.960231141122e-06
   4.956521739130e-01   6.043425927041e-06
   4.983277591973e-01   6.098381954936e-06
   5.010033444816e-01   6.162696651913e-06
   5.036789297659e-01   6.028012726247e-06
   5.063545150502e-01   6.288990198588e-06
   5.090301003344e-01   6.331973892650e-06
   5.117056856187e-01   6.396284371071e-06
   5.143812709030e-01   6.472452940817e-06
   5.170568561873e-01   6.533880881968e-06
   5.197324414716e-01   6.585904642418e-06
   5.224080267559e-01   6.640901256997e-06
   5.250836120401e-01   6.705610751839e-06
   5.277591973244e-01   6.748671871330e-06
   5.304347826087e-01   6.800417930138e-06
   5.331103678930e-01   6.853798977595e-06
   5.357859531773e-01   6.903554004415e-06
   5.384615384615e-01   6.950867545603e-06
   5.411371237458e-01   6.965456762766e-06
   5.438127090301e-01   7.054425113651e-06
   5.464882943144e-01   7.097382926167e-06
   5.491638795987e-01   7.139013871072e-06
   5.518394648829e-01   7.184026866661e-06
   5.545150501672e-01   7.216715825997e-06
   5.571906354515e-01   6.635219674579e-06
   5.598662207358e-01   7.322404781585e-06
   5.625418060201e-01   7.345742864773e-06
   5.652173913043e-01   7.395168577695e-06
   5.678929765886e-01   7.417651979597e-06
   5.705685618729e-01   6.437972754251e-06
   5.732441471572e-01   7.475801126679e-06
   5.759197324415e-01   7.527555894988e-06
   5.785953177258e-01   7.565581963297e-06
   5.812709030100e-01   7.601917986847e-06
   5.839464882943e-01   7.632380128722e-06
   5.866220735786e-01   7.667536143131e-06
   5.892976588629e-01   7.697874534565e-06
   5.919732441472e-01   7.728057984660e-06
   5.946488294314e-01   7.769413114509e-06
   5.973244147157e-01   7.775554260661e-06
   6.000000000000e-01   7.810159954720e-06
