  -2.000000000000e-01   5.428887255642e-08
  -1.973244147157e-01   5.263271789679e-08
  -1.946488294314e-01   4.421438231803e-08
  -1.919732441472e-01   4.844027053162e-08
  -1.892976588629e-01   3.607575906542e-08
  -1.866220735786e-01   3.447981128328e-08
  -1.839464882943e-01   3.443845239072e-08
  -1.812709030100e-01   5.117195120074e-08
  -1.785953177258e-01   5.236995009539e-08
  -1.759197324415e-01   5.089948812076e-08
  -1.732441471572e-01   4.905485503365e-08
  -1.705685618729e-01   4.691826820886e-08
  -1.678929765886e-01   4.487996202358e-08
  -1.652173913043e-01   4.280483318180e-08
  -1.625418060201e-01   4.078801269028e-08
  -1.598662207358e-01   3.915605355249e-08
  -1.571906354515e-01   3.765757274166e-08
  -1.545150501672e-01   4.338039730560e-08
  -1.518394648829e-01   4.556718563547e-08
  -1.491638795987e-01   4.476618978812e-08
  -1.464882943144e-01   4.312854758760e-08
  -1.438127090301e-01   4.130035690162e-08
  -1.411371237458e-01   3.954414018313e-08
  -1.384615384615e-01   3.776773054430e-08
  -1.357859531773e-01   3.604994589574e-08
  -1.331103678930e-01   3.442992997903e-08
  -1.304347826087e-01   3.294820562280e-08
  -1.277591973244e-01   3.294775993906e-08
  -1.250836120401e-01   3.862883106760e-08
  -1.224080267559e-01   3.763880091074e-08
  -1.197324414716e-01   4.698319973163e-08
  -1.170568561873e-01   3.545125636191e-08
  -1.143812709030e-01   3.392073584718e-08
  -1.117056856187e-01   3.235056477536e-08
  -1.090301003344e-01   3.081697250987e-08
  -1.063545150502e-01   2.892862030702e-08
  -1.036789297659e-01   2.811597585898e-08
  -1.010033444816e-01   2.742524683266e-08
  -9.832775919732e-02   3.180233765167e-08
  -9.565217391304e-02   3.189512426876e-08
  -9.297658862876e-02   3.074799200872e-08
  -9.030100334448e-02   2.943572986347e-08
  -8.762541806020e-02   2.810133219956e-08
  -8.494983277592e-02   2.681379605476e-08
  -8.227424749164e-02   2.554504720742e-08
  -7.959866220736e-02   2.433011101482e-08
  -7.692307692308e-02   2.321247650123e-08
  -7.424749163880e-02   2.254995032388e-08
  -7.157190635452e-02   2.575049034119e-08
  -6.889632107023e-02   2.567212862508e-08
  -6.622073578595e-02   2.466317345813e-08
  -6.354515050167e-02   2.355875733182e-08
  -6.086956521739e-02   2.245461393715e-08
  -5.819397993311e-02   2.137238017909e-08
  -5.551839464883e-02   2.042041728809e-08
  -5.284280936455e-02   1.931993438506e-08
  -5.016722408027e-02   1.840826440049e-08
  -4.749163879599e-02   1.838595093900e-08
  -4.481605351171e-02   2.033501665586e-08
  -4.214046822742e-02   1.980775057972e-08
  -3.946488294314e-02   1.895155694356e-08
  -3.678929765886e-02   1.802250487940e-08
  -3.411371237458e-02   1.714808813027e-08
  -3.143812709030e-02   1.626850620024e-08
  -2.876254180602e-02   1.540873123250e-08
  -2.608695652174e-02   1.465941473881e-08
  -2.341137123746e-02   1.396743465149e-08
  -2.073578595318e-02   1.508820369201e-08
  -1.806020066890e-02   1.518880287219e-08
  -1.538461538462e-02   1.450315718194e-08
  -1.270903010033e-02   1.377675776893e-08
  -1.003344481605e-02   1.305806085593e-08
  -7.357859531773e-03   1.234041490562e-08
  -4.682274247492e-03   1.169713280840e-08
  -2.006688963211e-03   1.107996849136e-08
   6.688963210703e-04   1.052819286372e-08
   3.344481605351e-03   1.121878792974e-08
   6.020066889632e-03   1.108203279214e-08
   8.695652173913e-03   1.052143738959e-08
   1.137123745819e-02   9.958868924848e-09
   1.404682274247e-02   9.414545411193e-09
   1.672240802676e-02   8.885642216541e-09
   1.939799331104e-02   8.385992305924e-09
   2.207357859532e-02   7.912351918545e-09
   2.474916387960e-02   8.016974268842e-09
   2.742474916388e-02   2.310147316355e-09
   3.010033444816e-02   7.640254476013e-09
   3.277591973244e-02   7.198428686879e-09
   3.545150501672e-02   6.799018674518e-09
   3.812709030100e-02   6.413076149004e-09
   4.080267558528e-02   5.872078933856e-09
   4.347826086957e-02   5.776426706618e-09
   4.615384615385e-02   5.868962567788e-09
   4.882943143813e-02   5.621162709760e-09
   5.150501672241e-02   5.309237390953e-09
   5.418060200669e-02   5.019325834405e-09
   5.685618729097e-02   4.737492770025e-09
   5.953177257525e-02   4.481510763391e-09
   6.220735785953e-02   4.312038669910e-09
   6.488294314381e-02   4.281700136975e-09
   6.755852842809e-02   4.077096571377e-09
   7.023411371237e-02   3.876668434623e-09
   7.290969899666e-02   3.691939824670e-09
   7.558528428094e-02   3.502987703490e-09
   7.826086956522e-02   3.442200698197e-09
   8.093645484950e-02   3.241898267137e-09
   8.361204013378e-02   3.246514560649e-09
   8.628762541806e-02   3.005292340280e-09
   8.896321070234e-02   3.070561623294e-09
   9.163879598662e-02   5.808099235309e-08
   9.431438127090e-02   2.795637567993e-09
   9.698996655518e-02   2.810357229066e-09
   9.966555183946e-02   2.728296088072e-09
   1.023411371237e-01   2.608967754147e-09
   1.050167224080e-01   2.621539506233e-09
   1.076923076923e-01   2.515690202385e-09
   1.103678929766e-01   2.485042555683e-09
   1.130434782609e-01   2.559634432678e-09
   1.157190635452e-01   2.661274912546e-09
   1.183946488294e-01   2.778260616528e-09
   1.210702341137e-01   2.949215795014e-09
   1.237458193980e-01   3.138494306623e-09
   1.264214046823e-01   3.360841051238e-09
   1.290969899666e-01   3.596524308863e-09
   1.317725752508e-01   3.914741837846e-09
   1.344481605351e-01   4.251862426671e-09
   1.371237458194e-01   4.683683598318e-09
   1.397993311037e-01   4.921276917436e-09
   1.424749163880e-01   5.535778973377e-09
   1.451505016722e-01   6.087116490766e-09
   1.478260869565e-01   6.672115945010e-09
   1.505016722408e-01   7.362379505480e-09
   1.531772575251e-01   8.110513315683e-09
   1.558528428094e-01   8.943754500417e-09
   1.585284280936e-01   9.856101725777e-09
   1.612040133779e-01   1.015283018310e-08
   1.638795986622e-01   1.200337914738e-08
   1.665551839465e-01   1.325063143332e-08
   1.692307692308e-01   1.463048094716e-08
   1.719063545151e-01   1.551492510017e-08
   1.745819397993e-01   1.865144010328e-08
   1.772575250836e-01   2.007887668810e-08
   1.799331103679e-01   2.171935678949e-08
   1.826086956522e-01   2.397666963947e-08
   1.852842809365e-01   2.645845446707e-08
   1.879598662207e-01   2.914564803649e-08
   1.906354515050e-01   3.218757495431e-08
   1.933110367893e-01   3.555294285480e-08
   1.959866220736e-01   3.923031991028e-08
   1.986622073579e-01   4.328255192314e-08
   2.013377926421e-01   4.776189602078e-08
   2.040133779264e-01   5.267377227746e-08
   2.066889632107e-01   5.808887476666e-08
   2.093645484950e-01   6.590697013031e-08
   2.120401337793e-01   7.069635751509e-08
   2.147157190635e-01   7.799544145194e-08
   2.173913043478e-01   8.699046710315e-08
   2.200668896321e-01   9.494086496335e-08
   2.227424749164e-01   1.047313890243e-07
   2.254180602007e-01   1.155833653560e-07
   2.280936454849e-01   1.274894860097e-07
   2.307692307692e-01   1.406346962948e-07
   2.334448160535e-01   1.550892374329e-07
   2.361204013378e-01   1.710135439219e-07
   2.387959866221e-01   1.884841656434e-07
   2.414715719064e-01   2.075252813666e-07
   2.441471571906e-01   2.280882453208e-07
   2.468227424749e-01   2.616506561359e-07
   2.494983277592e-01   2.743696743270e-07
   2.521739130435e-01   3.000091183178e-07
   2.548494983278e-01   3.268787587775e-07
   2.575250836120e-01   3.614088083300e-07
   2.602006688963e-01   3.851300885345e-07
   2.628762541806e-01   4.160609087053e-07
   2.655518394649e-01   4.483628973324e-07
   2.682274247492e-01   4.828376871828e-07
   2.709030100334e-01   5.158344174537e-07
   2.735785953177e-01   5.520793748227e-07
   2.762541806020e-01   5.874695547285e-07
   2.789297658863e-01   6.247026405432e-07
   2.816053511706e-01   6.629242492493e-07
   2.842809364548e-01   7.020233144168e-07
   2.869565217391e-01   7.421320345206e-07
   2.896321070234e-01   7.832361535668e-07
   2.923076923077e-01   8.268201051352e-07
   2.949832775920e-01   8.685029931637e-07
   2.976588628763e-01   9.125860754947e-07
   3.003344481605e-01   9.581435398278e-07
   3.030100334448e-01   1.004019881116e-06
   3.056856187291e-01   1.051467320822e-06
   3.083612040134e-01   1.099766225257e-06
   3.110367892977e-01   1.149327641051e-06
   3.137123745819e-01   1.199928203725e-06
   3.163879598662e-01   1.251317378436e-06
   3.190635451505e-01   1.304998247019e-06
   3.217391304348e-01   1.356142498145e-06
   3.244147157191e-01   1.412074714167e-06
   3.270903010033e-01   1.468237479362e-06
   3.297658862876e-01   1.524818473573e-06
   3.324414715719e-01   1.581646829423e-06
   3.351170568562e-01   1.641383418904e-06
   3.377926421405e-01   1.700982448551e-06
   3.404682274247e-01   1.762554883553e-06
   3.431438127090e-01   1.823090986959e-06
   3.458193979933e-01   1.885394116520e-06
   3.484949832776e-01   1.948370595044e-06
   3.511705685619e-01   2.012599669896e-06
   3.538461538462e-01   2.077582661124e-06
   3.565217391304e-01   2.143210970548e-06
   3.591973244147e-01   2.210300156434e-06
   3.618729096990e-01   2.277495589769e-06
   3.645484949833e-01   2.346013358198e-06
   3.672240802676e-01   2.416389415669e-06
   3.698996655518e-01   2.484389908162e-06
   3.725752508361e-01   2.553069134681e-06
   3.752508361204e-01   2.624637157568e-06
   3.779264214047e-01   2.697030390949e-06
   3.806020066890e-01   2.763944406357e-06
   3.832775919732e-01   2.842560522525e-06
   3.859531772575e-01   2.915606458632e-06
   3.886287625418e-01   2.991956650765e-06
   3.913043478261e-01   3.061785855136e-06
   3.939799331104e-01   3.140070284498e-06
   3.966555183946e-01   3.217713309090e-06
   3.993311036789e-01   3.294522848748e-06
   4.020066889632e-01   3.369869405031e-06
   4.046822742475e-01   3.447022955330e-06
   4.073578595318e-01   3.603679647297e-06
   4.100334448161e-01   3.603976340078e-06
   4.127090301003e-01   3.684564532848e-06
   4.153846153846e-01   3.383683751560e-06
   4.180602006689e-01   3.837594390295e-06
   4.207357859532e-01   3.921963856667e-06
   4.234113712375e-01   4.002113467223e-06
   4.260869565217e-01   4.086236754321e-06
   4.287625418060e-01   4.165658108019e-06
   4.314381270903e-01   4.246564305471e-06
   4.341137123746e-01   4.324381759949e-06
   4.367892976589e-01   4.414120910877e-06
   4.394648829431e-01   4.501442533172e-06
   4.421404682274e-01   4.576164886250e-06
   4.448160535117e-01   4.657595901815e-06
   4.474916387960e-01   5.089598438687e-06
   4.501672240803e-01   4.827791062650e-06
   4.528428093645e-01   4.911337565983e-06
   4.555183946488e-01   5.005858726146e-06
   4.581939799331e-01   5.080863548947e-06
   4.608695652174e-01   5.164682788691e-06
   4.635451505017e-01   5.250764178772e-06
   4.662207357860e-01   5.345203409389e-06
   4.688963210702e-01   5.429392433078e-06
   4.715719063545e-01   5.521706558190e-06
   4.742474916388e-01   5.590983397788e-06
   4.769230769231e-01   5.653530127939e-06
   4.795986622074e-01   5.764403855970e-06
   4.822742474916e-01   5.856636212332e-06
   4.849498327759e-01   5.892884355918e-06
   4.876254180602e-01   6.032840631286e-06
   4.903010033445e-01   5.914268484647e-06
   4.929765886288e-01   6.231970446895e-06
   4.956521739130e-01   6.291700925435e-06
   4.983277591973e-01   6.370379748799e-06
   5.010033444816e-01   6.455874986387e-06
   5.036789297659e-01   6.559051895230e-06
   5.063545150502e-01   6.630169576074e-06
   5.090301003344e-01   6.752271577510e-06
   5.117056856187e-01   6.805707486345e-06
   5.143812709030e-01   6.724410835534e-06
   5.170568561873e-01   6.979571207915e-06
   5.197324414716e-01   7.071473506340e-06
   5.224080267559e-01   7.142493845121e-06
   5.250836120401e-01   7.301577004864e-06
   5.277591973244e-01   7.327436022713e-06
   5.304347826087e-01   7.415464121654e-06
   5.331103678930e-01   7.501082854904e-06
   5.357859531773e-01   7.559578337320e-06
   5.384615384615e-01   7.670010132708e-06
   5.411371237458e-01   7.739191657798e-06
   5.438127090301e-01   7.847362132931e-06
   5.464882943144e-01   7.933474254206e-06
   5.491638795987e-01   8.021729026730e-06
   5.518394648829e-01   8.106431258451e-06
   5.545150501672e-01   8.192234165743e-06
   5.571906354515e-01   8.216271276229e-06
   5.598662207358e-01   8.373633624012e-06
   5.625418060201e-01   8.447838676167e-06
   5.652173913043e-01   8.533700001914e-06
   5.678929765886e-01   8.617325412134e-06
   5.705685618729e-01   8.702032388258e-06
   5.732441471572e-01   8.786481434961e-06
   5.759197324415e-01   8.834565839798e-06
   5.785953177258e-01   8.972050645257e-06
   5.812709030100e-01   9.121413983709e-06
   5.839464882943e-01   9.118737063714e-06
   5.866220735786e-01   9.220095627691e-06
   5.892976588629e-01   9.233508292541e-06
   5.919732441472e-01   9.225936641964e-06
   5.946488294314e-01   9.444824153135e-06
   5.973244147157e-01   9.593153540693e-06
   6.000000000000e-01   9.613709961117e-06
