  -2.000000000000e-01   4.066409472592e-07
  -1.973244147157e-01   3.937611602694e-07
  -1.946488294314e-01   3.807708677914e-07
  -1.919732441472e-01   3.681641429167e-07
  -1.892976588629e-01   3.558752633790e-07
  -1.866220735786e-01   3.442089750937e-07
  -1.839464882943e-01   3.310238261532e-07
  -1.812709030100e-01   3.203904114451e-07
  -1.785953177258e-01   3.106589758774e-07
  -1.759197324415e-01   2.979877127537e-07
  -1.732441471572e-01   2.873154632157e-07
  -1.705685618729e-01   2.767728602642e-07
  -1.678929765886e-01   2.665437121464e-07
  -1.652173913043e-01   2.550930490435e-07
  -1.625418060201e-01   2.466089534388e-07
  -1.598662207358e-01   2.371392105070e-07
  -1.571906354515e-01   2.224930368605e-07
  -1.545150501672e-01   2.192703888251e-07
  -1.518394648829e-01   2.101084294159e-07
  -1.491638795987e-01   2.015157064699e-07
  -1.464882943144e-01   1.932532525987e-07
  -1.438127090301e-01   1.856063602117e-07
  -1.411371237458e-01   1.772002885648e-07
  -1.384615384615e-01   1.697549136229e-07
  -1.357859531773e-01   1.629145770183e-07
  -1.331103678930e-01   1.552755053089e-07
  -1.304347826087e-01   1.482156662335e-07
  -1.277591973244e-01   1.416828260700e-07
  -1.250836120401e-01   1.348958761693e-07
  -1.224080267559e-01   1.269958096830e-07
  -1.197324414716e-01   1.197543461780e-07
  -1.170568561873e-01   1.170089616902e-07
  -1.143812709030e-01   1.118773044799e-07
  -1.117056856187e-01   1.061924558363e-07
  -1.090301003344e-01   1.009999873557e-07
  -1.063545150502e-01   9.923085971492e-08
  -1.036789297659e-01   9.114087552480e-08
  -1.010033444816e-01   8.653301493346e-08
  -9.832775919732e-02   8.186984483656e-08
  -9.565217391304e-02   8.049100749509e-08
  -9.297658862876e-02   7.370068494314e-08
  -9.030100334448e-02   6.980966817056e-08
  -8.762541806020e-02   6.626085205011e-08
  -8.494983277592e-02   6.239888213988e-08
  -8.227424749164e-02   5.955619309182e-08
  -7.959866220736e-02   5.439897471368e-08
  -7.692307692308e-02   5.253249940602e-08
  -7.424749163880e-02   4.952872539202e-08
  -7.157190635452e-02   4.747741148790e-08
  -6.889632107023e-02   4.396276652739e-08
  -6.622073578595e-02   4.147638160333e-08
  -6.354515050167e-02   3.871708189082e-08
  -6.086956521739e-02   3.702803778369e-08
  -5.819397993311e-02   2.841686713900e-08
  -5.551839464883e-02   3.216406797565e-08
  -5.284280936455e-02   3.035007306429e-08
  -5.016722408027e-02   2.824231294367e-08
  -4.749163879599e-02   2.616511834420e-08
  -4.481605351171e-02   2.473008495004e-08
  -4.214046822742e-02   2.310383850278e-08
  -3.946488294314e-02   2.156253558462e-08
  -3.678929765886e-02   2.016879237501e-08
  -3.411371237458e-02   1.878234057880e-08
  -3.143812709030e-02   1.754482526980e-08
  -2.876254180602e-02   1.633436867425e-08
  -2.608695652174e-02   1.515314063485e-08
  -2.341137123746e-02   1.410243201250e-08
  -2.073578595318e-02   1.309134924591e-08
  -1.806020066890e-02   1.216026267106e-08
  -1.538461538462e-02   1.126916166556e-08
  -1.270903010033e-02   1.045453942376e-08
  -1.003344481605e-02   9.677461463967e-09
  -7.357859531773e-03   2.277867778562e-08
  -4.682274247492e-03   8.282045874617e-09
  -2.006688963211e-03   7.654735088736e-09
   6.688963210703e-04   7.062262986423e-09
   3.344481605351e-03   9.873964656487e-09
   6.020066889632e-03   5.996913561846e-09
   8.695652173913e-03   5.541517594657e-09
   1.137123745819e-02   5.099666849769e-09
   1.404682274247e-02   4.764750252785e-09
   1.672240802676e-02   4.311332147694e-09
   1.939799331104e-02   3.897461070734e-09
   2.207357859532e-02   3.628176512472e-09
   2.474916387960e-02   3.331311125975e-09
   2.742474916388e-02   3.064633507087e-09
   3.010033444816e-02   2.809706604204e-09
   3.277591973244e-02   2.493610273062e-09
   3.545150501672e-02   2.344722152465e-09
   3.812709030100e-02   2.134487758136e-09
   4.080267558528e-02   1.962977217491e-09
   4.347826086957e-02   1.786449148556e-09
   4.615384615385e-02   1.628584153977e-09
   4.882943143813e-02  -1.341727837184e-08
   5.150501672241e-02   1.352868732945e-09
   5.418060200669e-02   1.230809174793e-09
   5.685618729097e-02   1.121690871864e-09
   5.953177257525e-02   1.020347040252e-09
   6.220735785953e-02   9.265807532466e-10
   6.488294314381e-02   8.421566584932e-10
   6.755852842809e-02   7.651185102663e-10
   7.023411371237e-02   6.701898944607e-10
   7.290969899666e-02   3.589519115138e-10
   7.558528428094e-02  -5.298857212666e-11
   7.826086956522e-02   5.153061354693e-10
   8.093645484950e-02   4.662577575385e-10
   8.361204013378e-02   4.214072057633e-10
   8.628762541806e-02   2.605672762100e-10
   8.896321070234e-02   3.445493887389e-10
   9.163879598662e-02   3.113434558757e-10
   9.431438127090e-02   2.721347178466e-10
   9.698996655518e-02   2.531799275827e-10
   9.966555183946e-02   2.278639873496e-10
   1.023411371237e-01   2.044561365321e-10
   1.050167224080e-01   1.837770205421e-10
   1.076923076923e-01   1.611084916747e-10
   1.103678929766e-01   1.478179052207e-10
   1.130434782609e-01   1.325835595495e-10
   1.157190635452e-01   1.338711708083e-10
   1.183946488294e-01   1.073956100107e-10
   1.210702341137e-01   9.559858647131e-11
   1.237458193980e-01   8.547479506863e-11
   1.264214046823e-01   8.881810954043e-11
   1.290969899666e-01   6.799173083072e-11
   1.317725752508e-01   6.040127673680e-11
   1.344481605351e-01   5.358762636178e-11
   1.371237458194e-01   4.747631872610e-11
   1.397993311037e-01   4.219507874349e-11
   1.424749163880e-01   3.757015909659e-11
   1.451505016722e-01   3.360890438730e-11
   1.478260869565e-01   3.003205689612e-11
   1.505016722408e-01   2.684283441040e-11
   1.531772575251e-01   2.395974973832e-11
   1.558528428094e-01   2.138657860055e-11
   1.585284280936e-01   1.921882299661e-11
   1.612040133779e-01   1.737178120316e-11
   1.638795986622e-01   1.589852967243e-11
   1.665551839465e-01   1.481000441154e-11
   1.692307692308e-01   1.402838518861e-11
   1.719063545151e-01   1.352040449773e-11
   1.745819397993e-01   1.322968497341e-11
   1.772575250836e-01   1.325244987220e-11
   1.799331103679e-01   1.346960734240e-11
   1.826086956522e-01   1.410815233193e-11
   1.852842809365e-01   1.511213906345e-11
   1.879598662207e-01   1.653311476182e-11
   1.906354515050e-01   1.812534075716e-11
   1.933110367893e-01   2.009871847352e-11
   1.959866220736e-01   2.241679668293e-11
   1.986622073579e-01   2.518333281401e-11
   2.013377926421e-01   2.824434554926e-11
   2.040133779264e-01   3.195327618014e-11
   2.066889632107e-01   3.641950242373e-11
   2.093645484950e-01   4.175971780939e-11
   2.120401337793e-01   4.743259719072e-11
   2.147157190635e-01   5.449577776462e-11
   2.173913043478e-01   6.194367239875e-11
   2.200668896321e-01   6.095804214051e-11
   2.227424749164e-01   7.895444932906e-11
   2.254180602007e-01   8.918005161064e-11
   2.280936454849e-01   1.005137021104e-10
   2.307692307692e-01   1.133466013131e-10
   2.334448160535e-01   1.281450474874e-10
   2.361204013378e-01   1.450247402905e-10
   2.387959866221e-01   1.637253833158e-10
   2.414715719064e-01   1.842444890330e-10
   2.441471571906e-01   2.067540959002e-10
   2.468227424749e-01   1.668655840167e-10
   2.494983277592e-01   2.624457880894e-10
   2.521739130435e-01   2.863988318933e-10
   2.548494983278e-01   3.216687654658e-10
   2.575250836120e-01   3.584800334594e-10
   2.602006688963e-01   3.996920668189e-10
   2.628762541806e-01   4.456276600386e-10
   2.655518394649e-01   4.969052317994e-10
   2.682274247492e-01   5.532552468630e-10
   2.709030100334e-01   5.329603534771e-10
   2.735785953177e-01   6.813900156921e-10
   2.762541806020e-01   7.558740859746e-10
   2.789297658863e-01   8.350981353442e-10
   2.816053511706e-01   9.227597044695e-10
   2.842809364548e-01   1.019474377049e-09
   2.869565217391e-01   1.125779119779e-09
   2.896321070234e-01   1.241233600364e-09
   2.923076923077e-01   1.371888895163e-09
   2.949832775920e-01   1.513484338542e-09
   2.976588628763e-01   1.677679225502e-09
   3.003344481605e-01   1.836245037944e-09
   3.030100334448e-01   2.012725781535e-09
   3.056856187291e-01   2.213565689324e-09
   3.083612040134e-01   2.429455518715e-09
   3.110367892977e-01   2.659764024331e-09
   3.137123745819e-01   2.918729179434e-09
   3.163879598662e-01   2.874757326394e-09
   3.190635451505e-01   3.492656022149e-09
   3.217391304348e-01   3.821026995649e-09
   3.244147157191e-01   4.127421939148e-09
   3.270903010033e-01   3.821109381117e-09
   3.297658862876e-01   4.968507045425e-09
   3.324414715719e-01   5.404966131269e-09
   3.351170568562e-01   5.901209990962e-09
   3.377926421405e-01   6.403134788040e-09
   3.404682274247e-01   6.984128886102e-09
   3.431438127090e-01   7.569569741199e-09
   3.458193979933e-01   8.225385637901e-09
   3.484949832776e-01   8.919158186841e-09
   3.511705685619e-01   8.942900486434e-09
   3.538461538462e-01   1.046742867557e-08
   3.565217391304e-01   1.132963965410e-08
   3.591973244147e-01   1.224021753507e-08
   3.618729096990e-01   1.322027331938e-08
   3.645484949833e-01   1.426911915089e-08
   3.672240802676e-01   1.538522831882e-08
   3.698996655518e-01   1.656756544562e-08
   3.725752508361e-01   1.786087362589e-08
   3.752508361204e-01   1.918040326639e-08
   3.779264214047e-01   2.061295955862e-08
   3.806020066890e-01   2.222031538143e-08
   3.832775919732e-01   2.370309219575e-08
   3.859531772575e-01   2.549629513744e-08
   3.886287625418e-01   2.728723126637e-08
   3.913043478261e-01   2.921807842093e-08
   3.939799331104e-01   3.123976198572e-08
   3.966555183946e-01   3.325927233132e-08
   3.993311036789e-01   3.564129073276e-08
   4.020066889632e-01   3.806875614172e-08
   4.046822742475e-01   4.049629053396e-08
   4.073578595318e-01   4.318707081133e-08
   4.100334448161e-01   4.596108238275e-08
   4.127090301003e-01   4.885831773451e-08
   4.153846153846e-01   5.245880084451e-08
   4.180602006689e-01   5.522835817044e-08
   4.207357859532e-01   5.862593885816e-08
   4.234113712375e-01   6.218995155964e-08
   4.260869565217e-01   6.591179622891e-08
   4.287625418060e-01   6.980460518193e-08
   4.314381270903e-01   7.208125068643e-08
   4.341137123746e-01   7.811782646774e-08
   4.367892976589e-01   8.255885524640e-08
   4.394648829431e-01   8.711497347116e-08
   4.421404682274e-01   9.201535641244e-08
   4.448160535117e-01   9.672681630478e-08
   4.474916387960e-01   1.022679442548e-07
   4.501672240803e-01   1.076948368033e-07
   4.528428093645e-01   1.131610864987e-07
   4.555183946488e-01   1.192284267188e-07
   4.581939799331e-01   1.253134071524e-07
   4.608695652174e-01   1.316507015399e-07
   4.635451505017e-01   1.382123272371e-07
   4.662207357860e-01   1.449642881512e-07
   4.688963210702e-01   1.518973120935e-07
   4.715719063545e-01   1.592247466175e-07
   4.742474916388e-01   1.667436561216e-07
   4.769230769231e-01   1.743124134942e-07
   4.795986622074e-01   1.825974423210e-07
   4.822742474916e-01   1.903834065183e-07
   4.849498327759e-01   1.992840381838e-07
   4.876254180602e-01   2.079935495739e-07
   4.903010033445e-01   2.167476228309e-07
   4.929765886288e-01   2.262649824818e-07
   4.956521739130e-01   2.301917262687e-07
   4.983277591973e-01   2.450500648289e-07
   5.010033444816e-01   2.574504772600e-07
   5.036789297659e-01   2.661939010290e-07
   5.063545150502e-01   2.767420564744e-07
   5.090301003344e-01   2.881870328661e-07
   5.117056856187e-01   2.989152260999e-07
   5.143812709030e-01   3.099584511831e-07
   5.170568561873e-01   3.219427337729e-07
   5.197324414716e-01   3.340507355655e-07
   5.224080267559e-01   3.462206175194e-07
   5.250836120401e-01   3.588506803623e-07
   5.277591973244e-01   3.716095028472e-07
   5.304347826087e-01   3.848898750105e-07
   5.331103678930e-01   3.981687009505e-07
   5.357859531773e-01   4.119179748742e-07
   5.384615384615e-01   4.257317248908e-07
   5.411371237458e-01   4.408751089984e-07
   5.438127090301e-01   4.577118212179e-07
   5.464882943144e-01   4.645934597784e-07
   5.491638795987e-01   4.841176343799e-07
   5.518394648829e-01   4.997905202757e-07
   5.545150501672e-01   5.146641704543e-07
   5.571906354515e-01   5.308041602489e-07
   5.598662207358e-01   5.467567514577e-07
   5.625418060201e-01   5.635956410800e-07
   5.652173913043e-01   5.813096035946e-07
   5.678929765886e-01   5.967909400850e-07
   5.705685618729e-01   6.129426829005e-07
   5.732441471572e-01   6.313599046158e-07
   5.759197324415e-01   6.485881787361e-07
   5.785953177258e-01   6.664686553620e-07
   5.812709030100e-01   6.845404390711e-07
   5.839464882943e-01   7.025757852976e-07
   5.866220735786e-01   7.213867064431e-07
   5.892976588629e-01   7.403496722480e-07
   5.919732441472e-01   7.596653665249e-07
   5.946488294314e-01   7.772569077756e-07
   5.973244147157e-01   7.974285634136e-07
   6.000000000000e-01   8.171426114853e-07
