  -2.000000000000e-01   8.456001843569e-08
  -1.973244147157e-01   8.010189798309e-08
  -1.946488294314e-01   6.896093559721e-08
  -1.919732441472e-01   7.635058383331e-08
  -1.892976588629e-01   6.819138067950e-08
  -1.866220735786e-01   6.451521820324e-08
  -1.839464882943e-01   6.092060794247e-08
  -1.812709030100e-01   5.750851614132e-08
  -1.785953177258e-01   5.438856801790e-08
  -1.759197324415e-01   5.380922029268e-08
  -1.732441471572e-01   4.830165040589e-08
  -1.705685618729e-01   4.484680269437e-08
  -1.678929765886e-01   2.655647664970e-08
  -1.652173913043e-01   3.673706058653e-08
  -1.625418060201e-01   3.790494589520e-08
  -1.598662207358e-01   3.550227205968e-08
  -1.571906354515e-01   3.345359791900e-08
  -1.545150501672e-01   3.130924259926e-08
  -1.518394648829e-01   2.940828510589e-08
  -1.491638795987e-01   2.764921106956e-08
  -1.464882943144e-01   2.576459550812e-08
  -1.438127090301e-01   2.409128383999e-08
  -1.411371237458e-01   2.256366545566e-08
  -1.384615384615e-01   2.102554123943e-08
  -1.357859531773e-01   1.961696565076e-08
  -1.331103678930e-01   1.814784244720e-08
  -1.304347826087e-01   1.703436825295e-08
  -1.277591973244e-01   1.580178178367e-08
  -1.250836120401e-01   1.473346770321e-08
  -1.224080267559e-01   1.370394853632e-08
  -1.197324414716e-01   1.273503310207e-08
  -1.170568561873e-01   1.181845526099e-08
  -1.143812709030e-01   1.095065939797e-08
  -1.117056856187e-01   1.015417090206e-08
  -1.090301003344e-01   9.412671363272e-09
  -1.063545150502e-01   7.956577787456e-09
  -1.036789297659e-01   1.157469928705e-08
  -1.010033444816e-01   7.431995282001e-09
  -9.832775919732e-02   6.859302274123e-09
  -9.565217391304e-02   6.325761726745e-09
  -9.297658862876e-02   5.831160347569e-09
  -9.030100334448e-02   5.334921420457e-09
  -8.762541806020e-02   4.934722452188e-09
  -8.494983277592e-02   4.534400390558e-09
  -8.227424749164e-02   4.175611822522e-09
  -7.959866220736e-02   3.876634491173e-09
  -7.692307692308e-02   3.656328552613e-09
  -7.424749163880e-02   3.227365548664e-09
  -7.157190635452e-02   2.954491689086e-09
  -6.889632107023e-02   2.709702251256e-09
  -6.622073578595e-02   2.490965683550e-09
  -6.354515050167e-02   2.265796975511e-09
  -6.086956521739e-02   2.069596203698e-09
  -5.819397993311e-02  -1.503252672091e-08
  -5.551839464883e-02   1.724961184939e-09
  -5.284280936455e-02   1.571967847565e-09
  -5.016722408027e-02   1.317744548035e-09
  -4.749163879599e-02   1.317058966792e-09
  -4.481605351171e-02   1.123308722830e-09
  -4.214046822742e-02   1.083350431718e-09
  -3.946488294314e-02   9.851725469015e-10
  -3.678929765886e-02   8.948911082331e-10
  -3.411371237458e-02   8.124242174515e-10
  -3.143812709030e-02   7.365817606833e-10
  -2.876254180602e-02   6.595035049012e-10
  -2.608695652174e-02   7.163995081379e-10
  -2.341137123746e-02   5.481027843188e-10
  -2.073578595318e-02   4.965969084612e-10
  -1.806020066890e-02   6.173323303524e-10
  -1.538461538462e-02   4.067189366546e-10
  -1.270903010033e-02   3.675829840227e-10
  -1.003344481605e-02   3.319780661122e-10
  -7.357859531773e-03   3.002307448566e-10
  -4.682274247492e-03   2.699520500520e-10
  -2.006688963211e-03   2.425004298857e-10
   6.688963210703e-04   2.180165454197e-10
   3.344481605351e-03   1.959642817273e-10
   6.020066889632e-03   1.754635115360e-10
   8.695652173913e-03   1.583609094658e-10
   1.137123745819e-02   1.422983722872e-10
   1.404682274247e-02   1.277322849649e-10
   1.672240802676e-02   1.145714202004e-10
   1.939799331104e-02   1.025112599699e-10
   2.207357859532e-02   9.160274221333e-11
   2.474916387960e-02   8.163383347507e-11
   2.742474916388e-02   7.250449137041e-11
   3.010033444816e-02   6.434864097190e-11
   3.277591973244e-02   5.721076762524e-11
   3.545150501672e-02   5.095585405677e-11
   3.812709030100e-02   4.534200963192e-11
   4.080267558528e-02   4.035640171793e-11
   4.347826086957e-02   3.583778686257e-11
   4.615384615385e-02   3.174425853643e-11
   4.882943143813e-02   2.829378409143e-11
   5.150501672241e-02   2.462921098210e-11
   5.418060200669e-02   2.162800399140e-11
   5.685618729097e-02   1.878799138204e-11
   5.953177257525e-02   1.644668060197e-11
   6.220735785953e-02   1.445992098948e-11
   6.488294314381e-02   1.273979987201e-11
   6.755852842809e-02   1.118523575797e-11
   7.023411371237e-02   9.822837802850e-12
   7.290969899666e-02   8.569894777167e-12
   7.558528428094e-02   7.430266072408e-12
   7.826086956522e-02   6.404044181114e-12
   8.093645484950e-02   5.482487063047e-12
   8.361204013378e-02   4.703026855192e-12
   8.628762541806e-02   4.072100092319e-12
   8.896321070234e-02   3.552497693586e-12
   9.163879598662e-02   3.106592851656e-12
   9.431438127090e-02   2.708406130321e-12
   9.698996655518e-02   2.350169756645e-12
   9.966555183946e-02   2.014339835119e-12
   1.023411371237e-01   1.720906827153e-12
   1.050167224080e-01   1.460768442385e-12
   1.076923076923e-01   1.236394844178e-12
   1.103678929766e-01   1.113845908766e-12
   1.130434782609e-01   1.001077546138e-12
   1.157190635452e-01   9.070739432459e-13
   1.183946488294e-01   8.261822022432e-13
   1.210702341137e-01   7.552074731887e-13
   1.237458193980e-01   6.901391894916e-13
   1.264214046823e-01   6.411198496306e-13
   1.290969899666e-01   6.199257533939e-13
   1.317725752508e-01   6.172192523862e-13
   1.344481605351e-01   6.304117464565e-13
   1.371237458194e-01   6.630364302417e-13
   1.397993311037e-01   7.168891129815e-13
   1.424749163880e-01   8.016375536862e-13
   1.451505016722e-01   9.430692825766e-13
   1.478260869565e-01   1.108386015965e-12
   1.505016722408e-01   1.317505832534e-12
   1.531772575251e-01   1.532976738349e-12
   1.558528428094e-01   1.780361885119e-12
   1.585284280936e-01   2.055539388527e-12
   1.612040133779e-01   2.401622986857e-12
   1.638795986622e-01   2.866902798688e-12
   1.665551839465e-01   3.492192465708e-12
   1.692307692308e-01   4.207967457825e-12
   1.719063545151e-01   5.036921324390e-12
   1.745819397993e-01   5.934247628589e-12
   1.772575250836e-01   6.919022450875e-12
   1.799331103679e-01   8.031228765336e-12
   1.826086956522e-01   9.318331107607e-12
   1.852842809365e-01   1.087001931480e-11
   1.879598662207e-01   1.279223448507e-11
   1.906354515050e-01   1.511736272649e-11
   1.933110367893e-01   1.770988287890e-11
   1.959866220736e-01   2.058592171310e-11
   1.986622073579e-01   1.567944985565e-11
   2.013377926421e-01   2.717076164167e-11
   2.040133779264e-01   3.109617015886e-11
   2.066889632107e-01   3.182198631652e-11
   2.093645484950e-01   3.991323785534e-11
   2.120401337793e-01   4.638472358540e-11
   2.147157190635e-01   5.333153855473e-11
   2.173913043478e-01   6.119781270952e-11
   2.200668896321e-01   6.978430210286e-11
   2.227424749164e-01   7.934870499845e-11
   2.254180602007e-01   8.976816638678e-11
   2.280936454849e-01   1.005931973390e-10
   2.307692307692e-01   1.132304825885e-10
   2.334448160535e-01   1.282247418429e-10
   2.361204013378e-01   1.439765570783e-10
   2.387959866221e-01   1.414278417386e-10
   2.414715719064e-01   1.829155733175e-10
   2.441471571906e-01   2.067059414293e-10
   2.468227424749e-01   2.314217543322e-10
   2.494983277592e-01   2.573610906240e-10
   2.521739130435e-01   2.897693782498e-10
   2.548494983278e-01   3.231117307574e-10
   2.575250836120e-01   3.597942044663e-10
   2.602006688963e-01   4.005342565687e-10
   2.628762541806e-01   4.447031808048e-10
   2.655518394649e-01   4.949477857991e-10
   2.682274247492e-01   5.506517149113e-10
   2.709030100334e-01   6.127099928668e-10
   2.735785953177e-01   6.426006861550e-10
   2.762541806020e-01   7.550008746833e-10
   2.789297658863e-01   8.358474376143e-10
   2.816053511706e-01   9.247941670182e-10
   2.842809364548e-01   8.606987121828e-10
   2.869565217391e-01   1.120241019789e-09
   2.896321070234e-01   1.243028702768e-09
   2.923076923077e-01   1.370691511537e-09
   2.949832775920e-01   1.504668273912e-09
   2.976588628763e-01   1.664203856745e-09
   3.003344481605e-01   1.809938176319e-09
   3.030100334448e-01   2.006781546729e-09
   3.056856187291e-01   2.213871733494e-09
   3.083612040134e-01   2.423094666918e-09
   3.110367892977e-01   2.665053726791e-09
   3.137123745819e-01   2.920448027712e-09
   3.163879598662e-01   2.948816732366e-09
   3.190635451505e-01   3.632491753138e-09
   3.217391304348e-01   3.812981709114e-09
   3.244147157191e-01   4.174101134290e-09
   3.270903010033e-01   4.555628381863e-09
   3.297658862876e-01   4.678744548268e-09
   3.324414715719e-01   5.419327870062e-09
   3.351170568562e-01   5.895159103529e-09
   3.377926421405e-01   6.419378434751e-09
   3.404682274247e-01   6.981860591470e-09
   3.431438127090e-01   7.590679942582e-09
   3.458193979933e-01   8.235375783629e-09
   3.484949832776e-01   8.905313233495e-09
   3.511705685619e-01   9.661497985804e-09
   3.538461538462e-01   1.045835479111e-08
   3.565217391304e-01   1.131084389521e-08
   3.591973244147e-01   1.224199703355e-08
   3.618729096990e-01   1.321377850008e-08
   3.645484949833e-01   1.426375245476e-08
   3.672240802676e-01   1.536863126118e-08
   3.698996655518e-01   1.654059478847e-08
   3.725752508361e-01   1.784346350310e-08
   3.752508361204e-01   1.796104317528e-08
   3.779264214047e-01   2.061077047825e-08
   3.806020066890e-01   2.214711202499e-08
   3.832775919732e-01   2.373448214171e-08
   3.859531772575e-01   2.543803379016e-08
   3.886287625418e-01   2.732905604534e-08
   3.913043478261e-01   2.921078069255e-08
   3.939799331104e-01   3.120502956586e-08
   3.966555183946e-01   3.341629428938e-08
   3.993311036789e-01   3.558628710473e-08
   4.020066889632e-01   3.800005240380e-08
   4.046822742475e-01   4.050973469430e-08
   4.073578595318e-01   4.316614286650e-08
   4.100334448161e-01   4.587530868619e-08
   4.127090301003e-01   4.886269263160e-08
   4.153846153846e-01   5.193878882124e-08
   4.180602006689e-01   5.515989666154e-08
   4.207357859532e-01   5.885063198442e-08
   4.234113712375e-01   6.210948834822e-08
   4.260869565217e-01   6.582332593572e-08
   4.287625418060e-01   6.970562015362e-08
   4.314381270903e-01   7.368001530504e-08
   4.341137123746e-01   7.796199281259e-08
   4.367892976589e-01   8.230312729953e-08
   4.394648829431e-01   8.686468823461e-08
   4.421404682274e-01   9.236890164710e-08
   4.448160535117e-01   9.665643249583e-08
   4.474916387960e-01   1.019378416779e-07
   4.501672240803e-01   1.073414676093e-07
   4.528428093645e-01   1.127333985185e-07
   4.555183946488e-01   1.188109633048e-07
   4.581939799331e-01   1.245629275159e-07
   4.608695652174e-01   1.306093053866e-07
   4.635451505017e-01   1.392634892001e-07
   4.662207357860e-01   1.440993202161e-07
   4.688963210702e-01   1.511642623851e-07
   4.715719063545e-01   1.582908239334e-07
   4.742474916388e-01   1.662777895517e-07
   4.769230769231e-01   1.733653351379e-07
   4.795986622074e-01   1.810281963869e-07
   4.822742474916e-01   1.879417018090e-07
   4.849498327759e-01   1.975529237615e-07
   4.876254180602e-01   2.061253602056e-07
   4.903010033445e-01   2.147796739337e-07
   4.929765886288e-01   2.235686441306e-07
   4.956521739130e-01   2.336503517864e-07
   4.983277591973e-01   2.430731982307e-07
   5.010033444816e-01   2.519418251317e-07
   5.036789297659e-01   2.622828148660e-07
   5.063545150502e-01   2.724039855359e-07
   5.090301003344e-01   2.828654526721e-07
   5.117056856187e-01   2.932727250147e-07
   5.143812709030e-01   3.042500317084e-07
   5.170568561873e-01   3.149064528166e-07
   5.197324414716e-01   3.261763646022e-07
   5.224080267559e-01   3.385386166059e-07
   5.250836120401e-01   3.497854671251e-07
   5.277591973244e-01   3.615899966651e-07
   5.304347826087e-01   3.737612994702e-07
   5.331103678930e-01   3.852630391900e-07
   5.357859531773e-01   3.993718306473e-07
   5.384615384615e-01   4.116109213947e-07
   5.411371237458e-01   4.248111466844e-07
   5.438127090301e-01   4.360759995754e-07
   5.464882943144e-01   4.492752492653e-07
   5.491638795987e-01   4.632429402042e-07
   5.518394648829e-01   4.767402168310e-07
   5.545150501672e-01   4.911149221496e-07
   5.571906354515e-01   5.036129997728e-07
   5.598662207358e-01   5.169902395326e-07
   5.625418060201e-01   5.318586152953e-07
   5.652173913043e-01   5.459493200177e-07
   5.678929765886e-01   5.609272871043e-07
   5.705685618729e-01   5.744056079715e-07
   5.732441471572e-01   5.886805615090e-07
   5.759197324415e-01   6.035120321946e-07
   5.785953177258e-01   6.176432850200e-07
   5.812709030100e-01   6.325223921072e-07
   5.839464882943e-01   6.472738977071e-07
   5.866220735786e-01   6.588987343602e-07
   5.892976588629e-01   6.750812469515e-07
   5.919732441472e-01   6.915992634293e-07
   5.946488294314e-01   7.064181801780e-07
   5.973244147157e-01   7.220511730018e-07
   6.000000000000e-01   7.372512147762e-07
