  -2.000000000000e-01   1.085637492936e-06
  -1.973244147157e-01   1.062445657892e-06
  -1.946488294314e-01   1.040647783330e-06
  -1.919732441472e-01   1.020659433803e-06
  -1.892976588629e-01   1.000156777068e-06
  -1.866220735786e-01   9.751879981534e-07
  -1.839464882943e-01   9.632630282408e-07
  -1.812709030100e-01   9.268550166480e-07
  -1.785953177258e-01   9.112909632395e-07
  -1.759197324415e-01   8.917347832231e-07
  -1.732441471572e-01   8.710426203308e-07
  -1.705685618729e-01   8.487962908244e-07
  -1.678929765886e-01   8.330483414803e-07
  -1.652173913043e-01   8.123087022334e-07
  -1.625418060201e-01   7.543237151435e-07
  -1.598662207358e-01   7.715306999490e-07
  -1.571906354515e-01   7.546496371302e-07
  -1.545150501672e-01   7.340269094984e-07
  -1.518394648829e-01   7.154459920211e-07
  -1.491638795987e-01   7.036074545449e-07
  -1.464882943144e-01   6.793750282644e-07
  -1.438127090301e-01   6.615836888527e-07
  -1.411371237458e-01   6.443128291330e-07
  -1.384615384615e-01   6.265127343060e-07
  -1.357859531773e-01   6.095584126815e-07
  -1.331103678930e-01   5.932342800144e-07
  -1.304347826087e-01   5.770232975224e-07
  -1.277591973244e-01   5.600301260872e-07
  -1.250836120401e-01   5.455331439684e-07
  -1.224080267559e-01   5.291321466307e-07
  -1.197324414716e-01   5.144444317851e-07
  -1.170568561873e-01   4.980196339946e-07
  -1.143812709030e-01   4.756851724915e-07
  -1.117056856187e-01   4.685683725355e-07
  -1.090301003344e-01   4.549683538766e-07
  -1.063545150502e-01   4.398602166562e-07
  -1.036789297659e-01   4.264301398767e-07
  -1.010033444816e-01   4.129010097135e-07
  -9.832775919732e-02   4.007113548017e-07
  -9.565217391304e-02   3.868063478382e-07
  -9.297658862876e-02   3.701653446310e-07
  -9.030100334448e-02   3.626744033843e-07
  -8.762541806020e-02   3.494741769762e-07
  -8.494983277592e-02   3.367131464307e-07
  -8.227424749164e-02   3.269454604924e-07
  -7.959866220736e-02   3.138053639606e-07
  -7.692307692308e-02   3.035916636145e-07
  -7.424749163880e-02   2.914823412508e-07
  -7.157190635452e-02   2.808192308282e-07
  -6.889632107023e-02   2.703977949396e-07
  -6.622073578595e-02   2.603956404115e-07
  -6.354515050167e-02   2.502778620249e-07
  -6.086956521739e-02   2.404261211035e-07
  -5.819397993311e-02   2.554325417881e-07
  -5.551839464883e-02   2.222874227054e-07
  -5.284280936455e-02   2.135524513517e-07
  -5.016722408027e-02   2.048006971518e-07
  -4.749163879599e-02   1.963620436108e-07
  -4.481605351171e-02   1.882421524988e-07
  -4.214046822742e-02   1.801812475037e-07
  -3.946488294314e-02   1.727430948327e-07
  -3.678929765886e-02   1.655342527279e-07
  -3.411371237458e-02   1.580539103285e-07
  -3.143812709030e-02   1.505729327230e-07
  -2.876254180602e-02   1.438915525643e-07
  -2.608695652174e-02   1.377297142264e-07
  -2.341137123746e-02   1.312697620730e-07
  -2.073578595318e-02   1.252473344199e-07
  -1.806020066890e-02   1.228407737634e-07
  -1.538461538462e-02   1.137080266922e-07
  -1.270903010033e-02   1.082243343027e-07
  -1.003344481605e-02   1.032358971367e-07
  -7.357859531773e-03   9.633452250737e-08
  -4.682274247492e-03   9.249763110899e-08
  -2.006688963211e-03   8.814732309460e-08
   6.688963210703e-04   8.377962979112e-08
   3.344481605351e-03   7.942335305722e-08
   6.020066889632e-03   7.334760252555e-08
   8.695652173913e-03   7.118499978066e-08
   1.137123745819e-02   6.941866149585e-08
   1.404682274247e-02   6.304727655155e-08
   1.672240802676e-02   6.027699597271e-08
   1.939799331104e-02   5.706427255743e-08
   2.207357859532e-02   5.361541408823e-08
   2.474916387960e-02   5.012616393965e-08
   2.742474916388e-02   4.772639238265e-08
   3.010033444816e-02   4.494905764433e-08
   3.277591973244e-02   4.230743958106e-08
   3.545150501672e-02   3.978454339020e-08
   3.812709030100e-02   3.737172436416e-08
   4.080267558528e-02   3.515611889596e-08
   4.347826086957e-02   3.294665163435e-08
   4.615384615385e-02   3.089647163642e-08
   4.882943143813e-02   2.895641540431e-08
   5.150501672241e-02   2.712729276105e-08
   5.418060200669e-02   2.526658210953e-08
   5.685618729097e-02   2.371838711827e-08
   5.953177257525e-02   2.215920665365e-08
   6.220735785953e-02   2.068606080172e-08
   6.488294314381e-02   1.928669306203e-08
   6.755852842809e-02   1.797931008324e-08
   7.023411371237e-02   1.674043981860e-08
   7.290969899666e-02   1.557833012416e-08
   7.558528428094e-02   1.441822514234e-08
   7.826086956522e-02   1.347075188778e-08
   8.093645484950e-02   1.248716990433e-08
   8.361204013378e-02   1.161210786959e-08
   8.628762541806e-02   1.079477904297e-08
   8.896321070234e-02   9.965948993135e-09
   9.163879598662e-02   9.219457867161e-09
   9.431438127090e-02   8.584402099288e-09
   9.698996655518e-02   7.888622545119e-09
   9.966555183946e-02   7.431522735299e-09
   1.023411371237e-01   6.723524351711e-09
   1.050167224080e-01   6.254525805970e-09
   1.076923076923e-01   5.711270634832e-09
   1.103678929766e-01   5.262094479111e-09
   1.130434782609e-01   4.839785755005e-09
   1.157190635452e-01   4.451570776778e-09
   1.183946488294e-01   4.079277183208e-09
   1.210702341137e-01   3.755484466502e-09
   1.237458193980e-01   3.442647266345e-09
   1.264214046823e-01   3.158459972254e-09
   1.290969899666e-01   3.173396122278e-09
   1.317725752508e-01   2.647324611350e-09
   1.344481605351e-01   2.424214669069e-09
   1.371237458194e-01   2.217664043492e-09
   1.397993311037e-01   2.023844924517e-09
   1.424749163880e-01   2.690689341616e-09
   1.451505016722e-01   1.688914691249e-09
   1.478260869565e-01   1.539855319144e-09
   1.505016722408e-01   1.403084947960e-09
   1.531772575251e-01   1.296338876841e-09
   1.558528428094e-01   1.162917198419e-09
   1.585284280936e-01   1.058415589835e-09
   1.612040133779e-01   9.644073067950e-10
   1.638795986622e-01   8.758889743053e-10
   1.665551839465e-01   7.964943012433e-10
   1.692307692308e-01   7.237436738087e-10
   1.719063545151e-01   6.574030609224e-10
   1.745819397993e-01   5.971466419434e-10
   1.772575250836e-01   5.424136224359e-10
   1.799331103679e-01   4.928732045187e-10
   1.826086956522e-01   4.475170541177e-10
   1.852842809365e-01   4.049109015432e-10
   1.879598662207e-01   3.699617417222e-10
   1.906354515050e-01   3.376363459060e-10
   1.933110367893e-01   3.054869549075e-10
   1.959866220736e-01   2.825769799201e-10
   1.986622073579e-01   2.596450652576e-10
   2.013377926421e-01   2.398663219237e-10
   2.040133779264e-01   2.238208735972e-10
   2.066889632107e-01   2.079631363497e-10
   2.093645484950e-01   1.955830370441e-10
   2.120401337793e-01   1.851210408678e-10
   2.147157190635e-01   1.952437163775e-10
   2.173913043478e-01   1.710473920659e-10
   2.200668896321e-01   1.676641340549e-10
   2.227424749164e-01   1.664669477076e-10
   2.254180602007e-01   1.560225241638e-10
   2.280936454849e-01   1.712488333099e-10
   2.307692307692e-01   1.774587953486e-10
   2.334448160535e-01   1.849171106212e-10
   2.361204013378e-01   1.756619775495e-10
   2.387959866221e-01   2.074010545441e-10
   2.414715719064e-01   2.225443005164e-10
   2.441471571906e-01   2.399154314031e-10
   2.468227424749e-01   2.599080951982e-10
   2.494983277592e-01   2.838497097855e-10
   2.521739130435e-01   3.118700690499e-10
   2.548494983278e-01   3.308717850236e-10
   2.575250836120e-01   3.777298388008e-10
   2.602006688963e-01   4.176431959786e-10
   2.628762541806e-01   4.615869559647e-10
   2.655518394649e-01   5.092991376431e-10
   2.682274247492e-01   5.635887291057e-10
   2.709030100334e-01   4.992060637835e-10
   2.735785953177e-01   6.874091789978e-10
   2.762541806020e-01   7.594450883423e-10
   2.789297658863e-01   8.386417770406e-10
   2.816053511706e-01   9.271411118485e-10
   2.842809364548e-01   1.024368674704e-09
   2.869565217391e-01   1.130065993187e-09
   2.896321070234e-01   1.249126789647e-09
   2.923076923077e-01   1.376370652683e-09
   2.949832775920e-01   1.516784140639e-09
   2.976588628763e-01   1.669925696751e-09
   3.003344481605e-01   1.831150101762e-09
   3.030100334448e-01   1.821458039870e-09
   3.056856187291e-01   1.952706986487e-09
   3.083612040134e-01   2.428294711496e-09
   3.110367892977e-01   2.662868459419e-09
   3.137123745819e-01   2.916262773693e-09
   3.163879598662e-01   3.187772793881e-09
   3.190635451505e-01   3.505921282727e-09
   3.217391304348e-01   3.825678902254e-09
   3.244147157191e-01   4.178979314113e-09
   3.270903010033e-01   4.566312416226e-09
   3.297658862876e-01   4.974221425472e-09
   3.324414715719e-01   5.414237587311e-09
   3.351170568562e-01   5.904499680652e-09
   3.377926421405e-01   6.418739382948e-09
   3.404682274247e-01   6.967186970846e-09
   3.431438127090e-01   7.582898212917e-09
   3.458193979933e-01   8.214950743494e-09
   3.484949832776e-01   8.928114979196e-09
   3.511705685619e-01   8.451121847680e-09
   3.538461538462e-01   1.043662894932e-08
   3.565217391304e-01   1.132861911334e-08
   3.591973244147e-01   1.224534881612e-08
   3.618729096990e-01   1.293645189445e-08
   3.645484949833e-01   1.426713797032e-08
   3.672240802676e-01   1.538589455329e-08
   3.698996655518e-01   1.657183585947e-08
   3.725752508361e-01   1.780373884404e-08
   3.752508361204e-01   1.918666223008e-08
   3.779264214047e-01   2.061706763217e-08
   3.806020066890e-01   2.215123787260e-08
   3.832775919732e-01   2.376680156841e-08
   3.859531772575e-01   2.545926218274e-08
   3.886287625418e-01   2.729252988243e-08
   3.913043478261e-01   2.920712049814e-08
   3.939799331104e-01   3.124369701461e-08
   3.966555183946e-01   3.341411353209e-08
   3.993311036789e-01   3.566099531968e-08
   4.020066889632e-01   3.804373989298e-08
   4.046822742475e-01   4.056027799746e-08
   4.073578595318e-01   4.322481026529e-08
   4.100334448161e-01   4.600839056063e-08
   4.127090301003e-01   4.887670161509e-08
   4.153846153846e-01   5.210799428166e-08
   4.180602006689e-01   5.526363472901e-08
   4.207357859532e-01   5.861400318905e-08
   4.234113712375e-01   6.216877749065e-08
   4.260869565217e-01   6.584037709280e-08
   4.287625418060e-01   7.017298604014e-08
   4.314381270903e-01   7.392221445736e-08
   4.341137123746e-01   7.814051849908e-08
   4.367892976589e-01   8.262258598682e-08
   4.394648829431e-01   8.715178087281e-08
   4.421404682274e-01   9.205926169674e-08
   4.448160535117e-01   9.724863044650e-08
   4.474916387960e-01   1.023830666447e-07
   4.501672240803e-01   1.077300338271e-07
   4.528428093645e-01   1.132225254117e-07
   4.555183946488e-01   1.191995154825e-07
   4.581939799331e-01   1.255670408965e-07
   4.608695652174e-01   1.319829280259e-07
   4.635451505017e-01   1.380983093529e-07
   4.662207357860e-01   1.448885182745e-07
   4.688963210702e-01   1.521179830931e-07
   4.715719063545e-01   1.593527834540e-07
   4.742474916388e-01   1.668478257821e-07
   4.769230769231e-01   1.746601470925e-07
   4.795986622074e-01   1.754987386005e-07
   4.822742474916e-01   1.906718053416e-07
   4.849498327759e-01   1.994256176546e-07
   4.876254180602e-01   2.005816063425e-07
   4.903010033445e-01   2.172594731149e-07
   4.929765886288e-01   2.265475677635e-07
   4.956521739130e-01   2.365549049767e-07
   4.983277591973e-01   2.458991033667e-07
   5.010033444816e-01   2.559292786452e-07
   5.036789297659e-01   2.664175525205e-07
   5.063545150502e-01   2.776086138180e-07
   5.090301003344e-01   2.883713476337e-07
   5.117056856187e-01   2.988077524080e-07
   5.143812709030e-01   3.104368496221e-07
   5.170568561873e-01   3.229388179766e-07
   5.197324414716e-01   3.348580205991e-07
   5.224080267559e-01   3.465503203340e-07
   5.250836120401e-01   3.590554794960e-07
   5.277591973244e-01   3.722080092155e-07
   5.304347826087e-01   3.858975717763e-07
   5.331103678930e-01   3.988095522311e-07
   5.357859531773e-01   4.122850574925e-07
   5.384615384615e-01   4.265025263326e-07
   5.411371237458e-01   4.408997472201e-07
   5.438127090301e-01   4.529330364617e-07
   5.464882943144e-01   4.619688333550e-07
   5.491638795987e-01   4.858442366770e-07
   5.518394648829e-01   5.009851344327e-07
   5.545150501672e-01   5.159547657898e-07
   5.571906354515e-01   5.323939423746e-07
   5.598662207358e-01   5.485703329894e-07
   5.625418060201e-01   5.647922958866e-07
   5.652173913043e-01   5.811980690238e-07
   5.678929765886e-01   5.992917812206e-07
   5.705685618729e-01   6.182875491166e-07
   5.732441471572e-01   6.335249627123e-07
   5.759197324415e-01   6.513231182825e-07
   5.785953177258e-01   6.691633656148e-07
   5.812709030100e-01   6.881383796574e-07
   5.839464882943e-01   7.080931696462e-07
   5.866220735786e-01   7.256312800264e-07
   5.892976588629e-01   7.447556302962e-07
   5.919732441472e-01   7.644512717042e-07
   5.946488294314e-01   7.838796970369e-07
   5.973244147157e-01   8.036373694680e-07
   6.000000000000e-01   8.236336972428e-07
