  -2.000000000000e-01   2.079888567914e-06
  -1.973244147157e-01   2.063625472226e-06
  -1.946488294314e-01   2.031298578051e-06
  -1.919732441472e-01   1.990911393359e-06
  -1.892976588629e-01   1.962256631735e-06
  -1.866220735786e-01   1.932928557410e-06
  -1.839464882943e-01   1.906647345227e-06
  -1.812709030100e-01   1.874821090796e-06
  -1.785953177258e-01   1.846624426136e-06
  -1.759197324415e-01   1.817553496356e-06
  -1.732441471572e-01   1.790583814986e-06
  -1.705685618729e-01   1.763524685972e-06
  -1.678929765886e-01   1.731891629423e-06
  -1.652173913043e-01   1.704863621790e-06
  -1.625418060201e-01   1.686114518169e-06
  -1.598662207358e-01   1.650427185204e-06
  -1.571906354515e-01   1.621448713669e-06
  -1.545150501672e-01   1.594730639604e-06
  -1.518394648829e-01   1.568170997685e-06
  -1.491638795987e-01   1.533032460668e-06
  -1.464882943144e-01   1.493004111136e-06
  -1.438127090301e-01   1.489318611453e-06
  -1.411371237458e-01   1.476440712874e-06
  -1.384615384615e-01   1.435233594653e-06
  -1.357859531773e-01   1.411910685323e-06
  -1.331103678930e-01   1.389321348142e-06
  -1.304347826087e-01   1.360928800105e-06
  -1.277591973244e-01   1.337788409978e-06
  -1.250836120401e-01   1.313487262259e-06
  -1.224080267559e-01   1.285726420537e-06
  -1.197324414716e-01   1.260544540235e-06
  -1.170568561873e-01   1.237763169932e-06
  -1.143812709030e-01   1.213861974159e-06
  -1.117056856187e-01   1.183130300012e-06
  -1.090301003344e-01   1.147280801963e-06
  -1.063545150502e-01   1.141835327216e-06
  -1.036789297659e-01   1.120248546856e-06
  -1.010033444816e-01   1.097531443593e-06
  -9.832775919732e-02   1.074145165923e-06
  -9.565217391304e-02   1.058072635442e-06
  -9.297658862876e-02   1.029467896816e-06
  -9.030100334448e-02   1.006998534681e-06
  -8.762541806020e-02   9.845189783336e-07
  -8.494983277592e-02   9.630887245229e-07
  -8.227424749164e-02   9.416748908170e-07
  -7.959866220736e-02   9.210070779252e-07
  -7.692307692308e-02   9.012407528504e-07
  -7.424749163880e-02   8.850344565633e-07
  -7.157190635452e-02   8.587946154579e-07
  -6.889632107023e-02   8.400168098399e-07
  -6.622073578595e-02   8.191691969689e-07
  -6.354515050167e-02   7.994624932444e-07
  -6.086956521739e-02   7.803660466328e-07
  -5.819397993311e-02   7.613988699720e-07
  -5.551839464883e-02   7.425734334264e-07
  -5.284280936455e-02   7.219130141227e-07
  -5.016722408027e-02   7.051609169848e-07
  -4.749163879599e-02   6.886721873734e-07
  -4.481605351171e-02   6.697037382965e-07
  -4.214046822742e-02   6.511923546388e-07
  -3.946488294314e-02   6.352906578169e-07
  -3.678929765886e-02   6.195056649325e-07
  -3.411371237458e-02   6.001167344169e-07
  -3.143812709030e-02   5.741076800420e-07
  -2.876254180602e-02   5.668785979690e-07
  -2.608695652174e-02   5.516396169042e-07
  -2.341137123746e-02   5.362502410911e-07
  -2.073578595318e-02   5.194079976573e-07
  -1.806020066890e-02   5.430482336286e-07
  -1.538461538462e-02   4.907193024698e-07
  -1.270903010033e-02   4.745868589080e-07
  -1.003344481605e-02   4.596154661183e-07
  -7.357859531773e-03   4.494052044716e-07
  -4.682274247492e-03   4.301938765139e-07
  -2.006688963211e-03   4.274307797599e-07
   6.688963210703e-04   4.044898617443e-07
   3.344481605351e-03   3.994700315724e-07
   6.020066889632e-03   3.803566725455e-07
   8.695652173913e-03   3.658775717189e-07
   1.137123745819e-02   3.556044751235e-07
   1.404682274247e-02   3.412148882403e-07
   1.672240802676e-02   3.304806226090e-07
   1.939799331104e-02   3.200118092761e-07
   2.207357859532e-02   3.063824356189e-07
   2.474916387960e-02   2.955603738179e-07
   2.742474916388e-02   2.851348711876e-07
   3.010033444816e-02   2.743047126880e-07
   3.277591973244e-02   2.631778605251e-07
   3.545150501672e-02   2.539883694600e-07
   3.812709030100e-02   2.443890421982e-07
   4.080267558528e-02   2.359848451175e-07
   4.347826086957e-02   2.290894734719e-07
   4.615384615385e-02   2.172630969153e-07
   4.882943143813e-02   1.839871696954e-07
   5.150501672241e-02   1.995589997635e-07
   5.418060200669e-02   1.914612902401e-07
   5.685618729097e-02   1.833292995642e-07
   5.953177257525e-02   1.756085284184e-07
   6.220735785953e-02   1.680659477423e-07
   6.488294314381e-02   1.613132338251e-07
   6.755852842809e-02   1.526103932894e-07
   7.023411371237e-02   1.467478247052e-07
   7.290969899666e-02   1.401646225708e-07
   7.558528428094e-02   1.338404104057e-07
   7.826086956522e-02   1.270015856478e-07
   8.093645484950e-02   1.065615460342e-07
   8.361204013378e-02   1.157178261377e-07
   8.628762541806e-02   1.104061810363e-07
   8.896321070234e-02   1.049797517921e-07
   9.163879598662e-02   9.979238479422e-08
   9.431438127090e-02   9.475663449318e-08
   9.698996655518e-02   8.997356340763e-08
   9.966555183946e-02   8.100505235822e-08
   1.023411371237e-01   8.055997151527e-08
   1.050167224080e-01   7.680696639080e-08
   1.076923076923e-01   7.377810784964e-08
   1.103678929766e-01   6.885483977353e-08
   1.130434782609e-01   6.520939127591e-08
   1.157190635452e-01   6.153336367325e-08
   1.183946488294e-01   5.799808928168e-08
   1.210702341137e-01   5.492863157877e-08
   1.237458193980e-01   5.179670020579e-08
   1.264214046823e-01   4.887405388934e-08
   1.290969899666e-01   4.598786955183e-08
   1.317725752508e-01   4.341585107809e-08
   1.344481605351e-01   4.072381095753e-08
   1.371237458194e-01   3.827604938852e-08
   1.397993311037e-01   3.609561939438e-08
   1.424749163880e-01   3.376603345415e-08
   1.451505016722e-01   3.168947635778e-08
   1.478260869565e-01   2.968798117427e-08
   1.505016722408e-01   2.779272642261e-08
   1.531772575251e-01   2.602225482639e-08
   1.558528428094e-01   2.432263375709e-08
   1.585284280936e-01   2.418775672973e-08
   1.612040133779e-01   2.124895623957e-08
   1.638795986622e-01   1.988484753009e-08
   1.665551839465e-01   1.855517794330e-08
   1.692307692308e-01   1.720931262353e-08
   1.719063545151e-01   1.586264538269e-08
   1.745819397993e-01   1.490633507252e-08
   1.772575250836e-01   1.384796300310e-08
   1.799331103679e-01   1.290037260786e-08
   1.826086956522e-01   1.195041891824e-08
   1.852842809365e-01   1.125401552737e-08
   1.879598662207e-01   1.027256224674e-08
   1.906354515050e-01   9.515350938987e-09
   1.933110367893e-01   8.794716577946e-09
   1.959866220736e-01   8.155300450966e-09
   1.986622073579e-01   7.531712551370e-09
   2.013377926421e-01   6.959038111310e-09
   2.040133779264e-01   6.424143866184e-09
   2.066889632107e-01   5.929974759268e-09
   2.093645484950e-01   5.465441893947e-09
   2.120401337793e-01   5.025038798512e-09
   2.147157190635e-01   4.555074628272e-09
   2.173913043478e-01   4.303235606789e-09
   2.200668896321e-01   3.953777958660e-09
   2.227424749164e-01   3.637785568451e-09
   2.254180602007e-01   3.350747440139e-09
   2.280936454849e-01   3.089434063277e-09
   2.307692307692e-01   2.853033443576e-09
   2.334448160535e-01   2.631534345564e-09
   2.361204013378e-01   2.436953913912e-09
   2.387959866221e-01   2.255524871718e-09
   2.414715719064e-01   2.096428327605e-09
   2.441471571906e-01   1.951009276045e-09
   2.468227424749e-01   1.823624410694e-09
   2.494983277592e-01   1.247609782890e-09
   2.521739130435e-01   2.675503888592e-09
   2.548494983278e-01   1.527920050619e-09
   2.575250836120e-01   1.456718987263e-09
   2.602006688963e-01   1.396563436051e-09
   2.628762541806e-01   1.351158850257e-09
   2.655518394649e-01   1.283443351714e-09
   2.682274247492e-01   1.336792836278e-09
   2.709030100334e-01   1.288732301028e-09
   2.735785953177e-01   1.292191698572e-09
   2.762541806020e-01   1.308788392066e-09
   2.789297658863e-01   1.077447040538e-09
   2.816053511706e-01   1.522119227053e-09
   2.842809364548e-01   1.432817380681e-09
   2.869565217391e-01   1.501366538424e-09
   2.896321070234e-01   1.444835237315e-09
   2.923076923077e-01   5.870756980853e-10
   2.949832775920e-01   1.789286689150e-09
   2.976588628763e-01   1.907090797698e-09
   3.003344481605e-01   2.052557209445e-09
   3.030100334448e-01   2.248745040005e-09
   3.056856187291e-01   2.390898683576e-09
   3.083612040134e-01   2.592858013854e-09
   3.110367892977e-01   2.809248583581e-09
   3.137123745819e-01   3.048737530600e-09
   3.163879598662e-01   3.313935542699e-09
   3.190635451505e-01   3.897960127638e-09
   3.217391304348e-01   3.918346470335e-09
   3.244147157191e-01   4.267331146309e-09
   3.270903010033e-01   4.634165657334e-09
   3.297658862876e-01   5.032076669436e-09
   3.324414715719e-01   5.487749622214e-09
   3.351170568562e-01   5.962797655071e-09
   3.377926421405e-01   6.467736962751e-09
   3.404682274247e-01   7.024345909004e-09
   3.431438127090e-01   7.792493203516e-09
   3.458193979933e-01   8.268321510769e-09
   3.484949832776e-01   8.956323683152e-09
   3.511705685619e-01   1.007959866984e-08
   3.538461538462e-01   1.048895100920e-08
   3.565217391304e-01   1.151002957257e-08
   3.591973244147e-01   1.225453255444e-08
   3.618729096990e-01   1.322702524831e-08
   3.645484949833e-01   1.427474345060e-08
   3.672240802676e-01   1.539924296529e-08
   3.698996655518e-01   1.656806819454e-08
   3.725752508361e-01   1.797217483718e-08
   3.752508361204e-01   1.752156232205e-08
   3.779264214047e-01   2.063193453786e-08
   3.806020066890e-01   2.215926408044e-08
   3.832775919732e-01   2.375162698721e-08
   3.859531772575e-01   2.549045036379e-08
   3.886287625418e-01   2.730299535206e-08
   3.913043478261e-01   2.922031256989e-08
   3.939799331104e-01   3.124890877169e-08
   3.966555183946e-01   3.157136671977e-08
   3.993311036789e-01   3.566353798169e-08
   4.020066889632e-01   3.804699489001e-08
   4.046822742475e-01   4.058434007230e-08
   4.073578595318e-01   4.324076782636e-08
   4.100334448161e-01   4.606863671819e-08
   4.127090301003e-01   4.897259899417e-08
   4.153846153846e-01   5.209605890006e-08
   4.180602006689e-01   5.512623666413e-08
   4.207357859532e-01   5.867744688468e-08
   4.234113712375e-01   6.225225283716e-08
   4.260869565217e-01   6.593844544866e-08
   4.287625418060e-01   6.987415398142e-08
   4.314381270903e-01   7.392313215148e-08
   4.341137123746e-01   7.821643391413e-08
   4.367892976589e-01   8.263157072301e-08
   4.394648829431e-01   8.739156713514e-08
   4.421404682274e-01   9.202094564484e-08
   4.448160535117e-01   9.740277209897e-08
   4.474916387960e-01   1.024009905371e-07
   4.501672240803e-01   1.075736510353e-07
   4.528428093645e-01   1.138661422810e-07
   4.555183946488e-01   1.200022376971e-07
   4.581939799331e-01   1.256796244487e-07
   4.608695652174e-01   1.317920608755e-07
   4.635451505017e-01   1.382501380488e-07
   4.662207357860e-01   1.450398962801e-07
   4.688963210702e-01   1.521130356310e-07
   4.715719063545e-01   1.594060758344e-07
   4.742474916388e-01   1.680718132487e-07
   4.769230769231e-01   1.749039103715e-07
   4.795986622074e-01   1.825273130047e-07
   4.822742474916e-01   1.912075776636e-07
   4.849498327759e-01   1.996086412921e-07
   4.876254180602e-01   2.087321501771e-07
   4.903010033445e-01   2.174159279502e-07
   4.929765886288e-01   2.265355086828e-07
   4.956521739130e-01   2.359517604863e-07
   4.983277591973e-01   2.461259728202e-07
   5.010033444816e-01   2.562532952287e-07
   5.036789297659e-01   2.676461642683e-07
   5.063545150502e-01   2.767646797549e-07
   5.090301003344e-01   2.881842749185e-07
   5.117056856187e-01   2.995217746113e-07
   5.143812709030e-01   3.110298653496e-07
   5.170568561873e-01   3.224189444950e-07
   5.197324414716e-01   3.347947447303e-07
   5.224080267559e-01   3.470550164402e-07
   5.250836120401e-01   3.597823973147e-07
   5.277591973244e-01   3.725307484462e-07
   5.304347826087e-01   3.858034447151e-07
   5.331103678930e-01   3.991320114765e-07
   5.357859531773e-01   4.128871159679e-07
   5.384615384615e-01   4.287677500645e-07
   5.411371237458e-01   4.412676933889e-07
   5.438127090301e-01   4.580739931845e-07
   5.464882943144e-01   4.703584059804e-07
   5.491638795987e-01   4.904406692404e-07
   5.518394648829e-01   5.015066613817e-07
   5.545150501672e-01   5.172178573405e-07
   5.571906354515e-01   5.326011148365e-07
   5.598662207358e-01   5.490670656573e-07
   5.625418060201e-01   5.659340651602e-07
   5.652173913043e-01   5.775830887124e-07
   5.678929765886e-01   5.998479993927e-07
   5.705685618729e-01   6.170116538296e-07
   5.732441471572e-01   6.356932359135e-07
   5.759197324415e-01   6.524033098838e-07
   5.785953177258e-01   6.705418074020e-07
   5.812709030100e-01   6.897328032998e-07
   5.839464882943e-01   7.075532938293e-07
   5.866220735786e-01   7.266483154901e-07
   5.892976588629e-01   7.466900056460e-07
   5.919732441472e-01   7.688156486838e-07
   5.946488294314e-01   7.846001362137e-07
   5.973244147157e-01   8.050998191778e-07
   6.000000000000e-01   8.253269980961e-07
